1.392382152894320484e+02
1.363094940514870927e+02
3.146522019088271236e+02
1.079259772625387086e+02
3.069131255026540543e+02
1.808566578754881107e+02
6.239140611494556765e+01
1.432794609194792770e+02
1.589858951641658678e+02
1.663035557299273250e+02
3.068361823551153407e+02
3.601496194674964499e+02
6.237561583302931467e+01
4.242563182163820557e+01
4.304840893066744911e+01
1.051197518776012885e+02
4.332223056274594342e+01
3.702295007600528720e+01
3.689960135081838644e+01
5.981606983012378009e+01
1.787864553416684430e+02
7.113865152854191365e+01
5.836361550270800080e+01
4.658037905343448415e+01
4.959703691766063116e+01
8.017596817366018058e+01
6.563202709741852914e+01
7.243569533859692910e+01
1.643710629125245077e+02
1.200080941492471993e+02
5.906804263120645260e+01
1.690874219004595034e+02
9.960003063274143642e+01
7.780415935986781051e+01
1.113667575349962249e+02
6.932003373395082235e+01
4.617965492611693890e+01
7.611800621443526893e+01
1.145608189975691289e+02
7.400691321322386784e+01
7.242636122338689120e+01
7.161987728784257001e+01
2.345040812566762725e+02
9.821047606165350885e+01
6.400720879609127678e+01
6.758215294603780876e+01
2.263169115559016973e+02
6.652289557570608736e+01
1.070449634227913975e+02
9.278136492694875415e+01
1.592050079662365079e+02
6.018921213761575473e+01
6.818040919041567349e+01
5.905177682103305870e+01
7.106573512735869258e+01
4.167109704274708974e+02
4.420304880702835248e+01
3.687614763904761617e+01
3.687614763904761617e+01
6.191599050325140752e+01
1.577756526688017971e+02
4.048916843696727597e+01
7.161184419969399073e+01
1.258252785537411569e+02
6.108010881619804877e+01
4.664354632318878657e+01
7.257097602171015183e+01
1.205389262442045037e+02
3.240642857253503166e+02
5.987445498031991065e+01
5.965647056594849573e+01
1.330412754685610821e+02
2.031496654010726388e+02
1.018573559729401552e+02
1.461941318633053015e+02
1.145474202608057794e+02
4.752885253531644594e+01
1.386762137204073611e+02
4.974053358503471145e+01
6.305223790417068130e+01
8.465571837533505573e+01
4.953862198265053962e+01
1.587316218372791923e+02
9.301392793510521528e+01
6.383562678471457730e+01
1.391307638880177819e+02
1.471063593579241342e+02
1.345290822509372788e+02
1.689514469631290012e+02
4.545583135527351715e+01
8.744059922392523276e+01
7.264204549538317224e+01
4.746152671497799247e+01
6.142886802477949004e+01
1.689105121086191730e+02
1.696870795104790091e+02
8.993434224168649394e+01
9.154608236737090010e+01
5.661304027123986771e+01
6.272606703661887195e+01
8.209174995293059851e+01
6.470173339936690127e+01
6.142578922428054966e+01
4.818681978198935667e+01
5.252845741882441644e+01
5.575628895564364029e+01
6.588714010584487824e+01
9.191837046122390120e+01
7.566818206092742116e+01
4.696717319081369624e+01
1.356228184248705020e+02
1.064923185187365107e+02
1.465225012629100547e+02
1.953969540050097748e+02
2.946328682853130090e+02
8.856058260656590164e+01
4.194640585197456062e+01
1.371045709340478993e+02
4.877019703525783711e+01
2.235972942945231807e+02
7.121167711665890465e+01
1.798434643062985288e+02
3.878505547707053438e+02
1.008622517317616030e+02
6.664601214602441814e+01
1.029521655281179164e+02
6.153947895177927307e+01
8.008001790827205468e+01
1.120875690581680146e+02
1.744079779916100961e+02
1.444469716099249013e+02
7.291337383487743296e+01
4.561146100425281702e+01
8.791243565641980240e+01
2.653786372278143517e+02
7.270997598824069996e+01
1.671175084643616628e+02
7.278660800463592295e+01
1.250123642719287318e+02
1.931714377842235422e+02
7.100105114200255230e+01
4.317818834204328482e+01
3.766114992972967457e+01
6.727702272031910979e+01
4.265787678502883296e+01
9.880314212741814117e+01
5.460487872983458146e+01
5.316391245909227337e+01
7.501492748812430023e+01
9.482953434785042646e+01
1.065915402146548558e+02
1.114998226991647243e+02
5.979919102394725883e+01
4.736013120433511858e+01
7.763933888320980259e+01
7.104839665611675059e+01
5.409059062961080144e+01
1.442276535689410366e+02
9.263334408743133963e+01
1.679639521820334949e+02
5.372157851776557891e+01
1.256951902992135501e+02
1.437877324093833522e+02
5.694839541062196986e+01
7.379043107045112038e+01
5.040570594976551888e+01
1.879591310002223281e+02
2.347457404663038005e+02
1.387434004170459048e+02
6.583254900000170551e+01
6.515129593129398700e+01
9.964195157853032470e+01
1.361480620426881387e+02
1.185353817474968423e+02
9.313875453237548641e+01
2.265504358933608273e+02
2.040753279697418066e+02
1.085148210551957959e+02
4.527036279643428429e+01
4.331293498641508677e+01
6.154915952785387390e+01
3.725744961350915219e+01
4.746325766328195073e+01
6.293679558055566758e+01
6.945572052621912462e+01
4.370759510843623730e+01
1.287781401323342152e+02
5.142628120833887806e+01
3.708161275536372159e+01
3.814369889093944721e+01
3.687614763904761617e+01
8.266476363201633148e+01
7.296234726947557192e+01
1.342048668657746475e+02
3.083478506297405488e+02
8.006665971163425866e+01
4.853546959130419509e+02
1.056591593458752527e+02
2.244191814557502767e+02
2.454911002224288836e+02
8.612107419437325007e+01
8.242141902203380255e+01
1.424527224543651300e+02
5.603524784767824940e+01
6.959612724809687734e+01
5.719784685660459900e+01
5.682077481651720063e+01
2.540244668753548467e+02
7.125315288508085132e+01
5.321227548548833397e+01
4.928963659007013121e+01
3.757452039581704639e+01
2.357083742047394708e+02
2.229482295615732141e+02
6.102255356058441293e+01
9.007684811020507709e+01
8.055465784668240303e+01
4.593128627844191669e+01
9.262431869580399280e+01
5.693315563180249228e+01
7.795648177599696282e+01
1.333350761107351445e+02
5.142171133351143908e+01
1.144157163027845172e+02
8.193636503532124493e+01
6.128167648414452628e+01
1.661208263455985161e+02
6.506088205611854391e+01
7.162001250167952549e+01
9.094300071002300001e+01
5.862438866974781604e+01
2.086780139095847630e+02
1.164276601470220953e+02
1.264654575553357176e+02
1.995880945303820226e+02
5.202400011727672791e+01
5.412270105238940232e+01
1.148822835217408169e+02
1.968758798338902807e+02
1.481956249965070356e+02
6.776855967578438822e+01
1.316848952588474049e+02
9.786902249363953388e+01
5.663119872771017071e+01
9.033910788281210102e+01
8.846272471763998624e+01
4.224420863304743534e+01
1.250295645218815253e+02
9.236695206924400736e+01
6.185846159714179748e+01
4.368303817174461301e+01
7.563674808823259355e+01
4.973442454063541618e+01
4.332724400103381868e+01
6.567296909351819068e+01
1.403496207885449394e+02
9.485417387238271658e+01
4.392860116759001698e+01
6.275399711887959597e+01
4.406330663491860378e+01
5.619074740560029113e+01
1.264893646749064260e+02
1.901654184949532578e+02
2.092076710136486781e+02
1.148602107555857401e+02
9.317675436303966308e+01
7.268115618847519954e+01
1.838180427672353403e+02
2.050726113241256598e+02
1.755927527656232314e+02
1.682240406223473883e+02
1.209081031444089263e+02
1.476273097356217363e+02
5.128775063801441547e+02
5.209319171588524000e+01
4.148871016463442629e+01
3.709717443445219942e+01
6.608597836916050028e+01
1.638655470892002199e+02
7.271876407303679457e+01
1.104375270720290132e+02
1.591323384438309745e+02
9.609769007654611528e+01
3.841161090468841621e+01
5.139391316252920205e+01
1.103901713006458749e+02
4.836617387310371896e+01
6.932825753843340522e+01
8.388347290446134252e+01
4.150233607474342534e+02
8.094638216283451015e+01
1.390511955687599084e+02
6.142765786709838949e+01
5.652701500216483055e+01
6.840722568530060244e+01
7.142160089989212679e+01
8.211382420096134638e+01
1.225361364362141217e+02
1.230039253513783137e+02
7.276069128245995898e+01
7.174588036963743320e+01
2.166283960627582701e+02
1.799431584891725606e+02
1.939642104056520111e+02
1.599601389439854415e+02
1.709322392919685853e+02
9.001366294078846408e+01
4.507156409751258934e+02
1.148685899712767196e+02
2.411891677193573287e+02
1.868193670568725793e+02
1.165098598338673810e+02
1.998133772541980875e+02
2.139736558343141724e+02
7.385392489315233888e+01
9.177453558305455772e+01
6.743654201742907617e+01
3.228845047550992717e+02
3.206745365217738026e+02
8.679662656540361354e+01
8.352320982695994189e+01
1.256273840391504564e+02
1.759431841226273150e+02
5.204398787262601900e+01
7.597109431991754036e+01
4.727584395870337630e+01
2.801192447203413849e+02
1.692493925807655160e+02
1.119106496275549034e+02
1.335240887648412809e+02
7.385820913397606091e+01
6.167589616160651644e+01
6.715784245199270686e+01
8.057448287663746100e+01
6.888259848855778955e+01
7.110951677806781390e+01
1.335831303296039323e+02
6.648995806127865649e+01
7.788682803149180245e+01
2.032813201604244568e+02
1.144286368490489849e+02
1.989595772104797788e+02
7.223988819974556463e+01
4.557794475482887719e+01
6.222610998630375434e+01
1.124646346003598865e+02
8.896362792980573886e+01
1.540991936488696865e+02
1.675111825212554777e+02
6.118978954999864754e+02
5.850301335262340672e+02
1.995461256516904314e+02
1.332435625933729284e+02
8.349855221946077677e+01
1.845344765782406853e+02
1.145039678449925304e+02
4.580083955338989199e+01
8.341981868848330350e+01
8.027988487047718991e+01
6.705213174936895371e+01
1.083700274514312696e+02
6.734029978665824956e+01
8.004067121829424991e+01
1.997177713949995450e+02
8.831012700198166954e+01
4.942227120229378556e+01
4.711762351589518971e+01
5.694187072984175302e+01
8.468748341964834481e+01
5.916631872477117327e+01
5.598390829626370646e+01
6.574574845122759825e+01
8.361817794132349491e+01
1.994604433909426007e+02
3.265268811045845041e+02
2.150022441153729460e+02
6.281459760470150400e+01
4.358071396310177192e+01
5.881797865231186506e+01
7.269554603767187473e+01
1.436891956553369596e+02
1.304954458484685347e+02
8.094951442960677923e+01
1.260453317765856127e+02
1.415540746131987362e+02
7.841459871397049142e+01
8.144335864994386043e+01
1.838190705143717878e+02
1.293207612162769351e+02
8.178338114040050755e+01
1.661023426447617908e+02
7.107245289988023274e+01
1.997491560780395048e+02
5.874301256626554846e+01
1.482561920311340486e+02
5.334514280585659662e+01
6.510947517197536172e+01
9.218578363352429506e+01
7.129617155590142374e+01
8.612989705826186082e+01
6.936412794308623120e+01
1.502610947380328525e+02
1.369157142476993272e+02
2.226719202329833251e+02
7.912282903064846096e+01
8.851485904191807208e+01
1.126926379844334747e+02
6.750332365358059405e+01
1.255813874710015625e+02
6.291341656583028907e+01
9.261890412528623528e+01
8.098173406816536612e+01
7.291795375158244497e+01
2.221255601941627447e+02
2.240073690748085937e+02
6.126727632202471341e+01
1.292335918682162514e+02
1.119137908519381881e+02
3.687614763904761617e+01
6.511518489616372563e+01
6.307089618412717869e+01
1.555713020004063765e+02
1.917291153732515454e+02
1.003053390702232150e+03
1.052666866704276458e+02
8.863067698475566658e+01
3.684524068985515441e+02
7.276678573612599621e+01
1.141734200197797691e+02
6.923557751422157480e+01
5.033297015886284953e+01
7.316267768890600109e+01
2.327665288227555607e+02
4.940885680344507591e+01
3.751538084847273922e+02
2.259449483107695187e+02
1.513270062601822019e+02
1.289338998687489948e+02
8.973632975525151778e+01
2.225696734060562676e+02
2.364392440570825329e+02
2.341360506763664375e+02
7.258987817944455401e+01
7.167280532846442043e+01
4.659790237344139996e+01
2.642427723459159097e+02
4.564527029948547465e+01
7.537590407357879485e+01
9.491389548331829928e+01
1.691622744782580412e+02
1.463509551030413149e+02
6.415913934343637948e+01
1.378711811988166573e+02
1.643028633088667902e+02
2.474866792527931807e+02
8.028432999104956025e+01
1.670367221285465575e+02
1.263679053840376127e+02
3.687614763904761617e+01
6.399682403925280028e+01
8.098357545344649111e+01
7.787641374079572643e+01
5.707410133867185209e+01
7.256346855195911871e+01
4.366557675897590229e+01
8.533504126238921117e+01
1.899999320478489722e+02
1.449553651079382917e+02
9.897458397005985375e+01
6.402102767508455372e+01
4.517768531704336965e+01
1.976131887356264656e+02
9.919619406656926230e+01
5.585413497592332988e+01
1.994887689136290874e+02
1.446832052936098876e+02
1.142918754534256323e+02
1.833975264225379078e+02
1.390463989283301203e+02
9.436929394258692128e+01
8.206317202677641376e+01
2.233696061327081566e+02
1.270611277990801682e+02
3.203117088163317590e+02
8.440772280235648850e+01
1.591628425640734577e+02
4.320891129710182099e+01
4.844016194270787423e+01
1.364827416343863433e+02
9.785927041632061218e+01
1.400100899277711051e+02
6.577826035085615786e+01
1.073676941582590416e+02
2.832015684975199861e+02
4.784743666321293176e+01
8.463171074007362904e+01
9.369685902270700240e+01
1.136762085910380051e+02
6.135108954757077981e+01
4.001482372722625769e+01
4.394604949261147908e+01
7.917392407688973321e+01
8.026375583733093322e+01
1.148871142500019573e+02
8.695000732265737042e+01
1.270595998991695978e+02
3.233977927423014762e+02
1.387265840819615050e+02
7.276961853040572237e+01
7.385276739136793367e+01
1.807904871936053723e+02
1.692163537035355603e+02
4.298018702433293470e+01
4.984919914662316387e+01
7.702274791584594027e+01
1.618717896830222571e+02
1.264311536082858538e+02
1.335350208522781941e+02
1.194401687430677157e+02
1.780532479437513302e+02
5.337965673417787116e+01
1.218445684919290670e+02
1.339476599747463297e+02
8.598387243737042240e+01
6.042981100871054423e+01
4.015309748976417836e+01
4.455547103846089385e+01
4.833014514157548547e+01
6.361808044171249321e+01
6.578741802423030549e+01
1.108667244209367482e+02
8.839920435806214982e+01
6.321174756550104235e+01
1.146714133173042569e+02
5.232373706979856820e+01
6.899186136419399418e+01
4.542579229734542423e+01
5.246237549216607476e+01
4.375646143691210455e+01
4.517412051461795386e+01
9.522417566045027115e+01
1.263915666923721233e+02
3.427320789036127735e+02
1.577244808411049917e+02
1.648500445472033107e+02
1.924215155830479489e+02
4.305398263840205573e+02
8.786187373112107935e+01
5.794394029016638115e+01
1.015579464964641261e+02
1.964324723766501393e+02
1.292368610596702752e+02
7.742885144246957907e+01
3.748649328752392762e+01
1.270690454994996799e+02
4.892991572962625924e+02
8.883333367538557468e+01
4.535624274695379654e+01
6.798889090276912839e+01
1.038443166345884094e+02
5.110020154675896720e+01
9.127057182401915725e+01
6.031863635949886771e+01
6.688262418847534718e+01
5.049518946671543063e+01
4.241916650323742033e+01
3.957970623775176477e+01
5.911018214870409793e+01
1.669952166032342120e+02
5.694183624909760510e+01
6.600782722361603305e+01
6.330133324215142920e+01
2.255581674468873530e+02
4.729822658845816363e+01
5.730496401792044026e+01
7.696311718967933757e+01
6.551109410692916413e+01
4.664200718250364730e+01
7.385387716045892148e+01
6.433799121771249929e+01
8.851520133755627739e+01
2.321657979841928636e+02
4.783722931255086905e+02
1.752655583841595899e+02
1.257980897226881325e+02
8.818503736409098792e+01
1.991187971595647923e+02
5.142618664720777133e+01
3.687614763904761617e+01
3.740303013014209910e+01
7.257291665027264571e+01
1.115156789852860584e+02
4.549792565666055566e+01
8.510605956548792506e+01
2.540289929450202635e+02
1.593542132003843790e+02
5.142949658844850092e+01
3.799981506660043351e+01
7.107584000450253825e+01
1.000770435959814222e+02
8.861543925968589974e+01
8.081606513481128218e+01
4.444146593019377178e+01
4.256427115062743383e+01
5.569137336559330720e+01
1.537277127599604682e+02
7.773961521547514053e+01
4.764878720015911995e+01
3.126789633447617121e+02
1.518448190560336002e+02
8.178724090825375015e+01
2.516001533116328801e+02
5.232305297319578585e+02
8.974547878659586786e+01
4.540657398464657035e+01
6.379800038009719287e+01
5.981261258065870834e+01
3.867621186635136610e+01
5.629003250910903944e+01
5.623460821201899762e+01
6.016512202636727125e+01
4.313068815333439261e+02
1.588642816124340129e+02
1.414603286963985624e+02
1.146923262420500578e+02
1.375173626146361130e+02
8.466144552944660973e+01
5.641597264533129419e+01
5.370906717911324790e+01
5.638115612723655090e+01
6.762810167966568997e+01
2.111551257799201267e+02
5.675523093688173049e+01
1.145568256047286013e+02
4.382409039577288468e+01
4.033620402977777530e+01
4.375092271353562978e+01
5.584920638647204783e+01
4.572892778631324973e+01
9.070071763147720389e+01
4.842369696823863023e+01
6.432691975550267216e+01
4.751968404775919907e+01
5.439651967294662427e+01
7.258154669242728119e+01
4.120084881190439319e+01
4.489110609730633428e+01
6.501435455789783191e+01
1.069166076012970734e+02
7.531236047264880540e+01
2.197688917430427864e+02
1.302077860079560878e+02
1.383036260448540133e+02
1.473889659911677086e+02
9.363485057286413848e+01
7.260271979903870943e+01
1.210495545976115181e+02
9.389277506013777952e+01
6.361889783359859507e+01
5.661691558344810460e+01
8.096449038204292492e+01
5.693567881165702715e+01
8.028139422513731915e+01
6.448387675248358164e+01
1.815874285955495679e+02
1.547723321081031145e+02
6.606958111027356040e+01
4.378203997337479336e+01
6.715623239828394730e+01
8.020123090927219778e+01
8.028383145169627255e+01
1.991486402790611692e+02
1.274125133746001097e+02
6.413574707947091724e+01
4.769924449985853698e+01
5.514895822544326620e+01
6.309820752430198354e+01
9.397870983754302188e+01
1.265370316719210564e+02
4.846702972547842592e+01
5.995963963282738973e+01
1.214229925723350334e+02
6.566833509267524960e+01
1.106462176105679873e+02
8.293748243490975369e+01
5.035627525624451550e+01
7.248268786714294265e+01
5.166969693930460039e+01
7.553411951569484017e+01
4.832583183841973096e+01
6.451756682761180173e+01
1.664929402399375249e+02
1.290024742043920583e+02
6.571861387179700387e+01
8.252892867177075686e+01
2.368707121930003723e+02
8.027970485897165531e+01
8.203909455876359402e+01
4.661154184987293547e+01
4.655592621800121833e+01
7.398981120108126674e+01
4.924511389791996407e+01
1.213528090449773913e+02
7.271820751278301032e+01
1.810231577381603074e+02
8.785506163590238771e+01
4.394086809109873570e+01
4.257861793287997898e+01
8.852897643844886488e+01
8.701231764005862601e+01
3.164640610217823564e+02
1.505663151829546678e+02
2.243119031134881425e+02
5.688501290398963306e+01
4.528310234417025981e+01
1.563014165267549060e+02
1.471492305076296248e+02
1.587151376304445876e+02
7.778060752433398761e+01
4.262737887046500873e+01
9.275541906129765835e+01
3.916518485517053705e+01
8.178525380381688592e+01
9.253302109239243123e+01
8.361247919606313417e+01
6.299057593350102024e+01
4.368798184403175355e+01
4.654267259521782307e+01
6.622371611523388424e+01
1.148186896733673166e+02
7.409110398401512043e+01
3.833830765422584363e+01
5.314213363771744980e+01
6.930405726508112707e+01
4.588503973382711365e+01
1.100738572872296004e+02
1.563869767231006449e+02
1.464232256166449133e+02
6.012713347041665202e+01
3.718065212467104175e+01
4.510442665271321516e+01
6.511528753144682469e+01
8.181452544958278850e+01
8.398350912786122535e+01
5.809979406014252845e+01
1.286328889815864613e+02
6.917156090068525032e+01
1.424070982251690793e+02
1.873760691608841853e+02
1.645883023731299772e+02
6.798245372946189491e+01
6.661529721096854928e+01
1.088956391100465453e+02
5.641309505227940235e+01
4.829239956696551417e+01
5.619260242128362393e+01
9.244614530293171129e+01
1.516784807991946309e+02
1.143906496246299298e+02
1.770715723197160401e+02
1.177156088041614339e+02
4.992582483842471675e+01
4.297010356169369061e+01
4.849525208898324991e+01
5.501984823187606821e+01
5.142268298937818827e+01
4.101064119368641059e+01
4.744470924014780167e+01
9.825892339219655014e+01
2.818534691275482373e+02
8.178050795919907046e+01
4.325386333600141597e+01
1.132244348200696891e+02
6.399112923686467980e+01
4.377229611097470752e+01
2.370842172769139324e+02
1.147150763904524524e+02
8.078631018737354452e+01
5.685001046640846312e+01
8.200460206811047215e+01
5.244494121304236955e+01
1.276605427342509529e+02
3.900845257436909606e+02
1.113651170355657314e+02
4.904714559615300118e+01
8.387863894571802348e+01
1.220302380824741704e+02
1.454386565865656848e+02
1.997648259285527956e+02
1.153640623018150109e+02
9.835325435928814386e+01
1.486588195375958321e+02
8.840076584871869159e+01
1.473351817172514302e+02
1.003353546516478332e+02
1.424913076729467321e+02
7.773449713551980267e+01
1.145458087133266645e+02
5.632532614944074112e+01
6.923401501376801548e+01
7.119909514672573891e+01
7.403249596878171701e+01
1.086404083869819033e+02
9.511092393582526938e+01
1.944141400533907245e+02
6.322281801364312059e+01
4.307636929638613310e+01
1.121124327155941955e+02
6.563547960596287112e+01
1.694476739614165126e+02
7.775433137894808056e+01
5.622575834790356453e+01
8.471232124539955066e+01
4.352466406133214605e+01
5.498923197361415305e+01
2.255208741711565494e+02
1.152231192238812127e+02
1.263445533557750196e+02
6.828275959049426547e+01
6.147154552272388628e+01
5.061992584759116198e+01
9.569054189222828199e+01
9.028013737949694928e+01
7.403277165613110355e+01
4.022416075636826349e+01
8.471483906398441377e+01
1.921009387715114372e+02
8.627306299869962913e+01
2.084788360063423625e+02
1.856255635983505954e+02
1.443912201064956093e+02
8.181931757474995948e+01
4.063511318878531142e+01
9.720154437736826480e+01
5.110790160233858614e+01
3.864107359939714570e+01
6.339378398574481821e+01
5.723485067133560733e+01
1.389558054428096625e+02
8.123522547452688514e+01
1.465781177153706381e+02
1.837220464903712127e+02
1.274330110058742207e+02
1.262942025054202873e+02
8.471932674699502286e+02
9.993732892309225235e+01
9.780771023578279255e+01
1.388658219610613287e+02
8.410331279115172265e+01
1.353020972799429842e+02
5.480486302813920929e+01
4.613473861421110200e+01
3.745564472762924879e+01
1.485553382246004048e+02
6.623201565462238705e+01
3.266261183222698605e+02
2.135739664911470754e+02
8.507936453059147652e+01
6.943007463850415206e+01
4.897337124971139133e+01
4.255442980798162012e+01
4.500577229918269495e+01
4.550904632849517384e+01
4.002103994569989709e+01
4.942258785042358227e+01
7.257445305008451442e+01
4.694659309408189074e+01
5.022915348520268708e+01
8.027550940362348797e+01
1.516501486818766011e+02
1.545162961786742244e+02
3.770872913237394641e+01
5.413789643502781246e+01
5.866677416148945667e+01
6.014682353341157750e+01
7.734047717288703438e+01
3.736827842838400215e+01
4.004672001108684753e+01
5.555467981260983379e+01
7.705496521928736797e+01
7.933475774534642255e+01
7.280605685572490415e+01
5.031220274510880586e+01
6.157921478303398999e+01
2.617364593428878266e+02
1.627339262995985791e+02
1.661281180677751763e+02
1.434720654931643935e+02
5.004852837258619047e+01
7.149633646381121821e+01
9.558955315588781332e+01
4.577747325753028917e+01
4.118449527160399271e+01
9.713936126223677547e+01
9.511921648412254626e+01
1.471905304170859381e+02
1.744104490421521518e+02
4.947863757487033354e+01
5.222873264320878661e+01
6.419471889194198866e+01
6.942561636681696768e+01
1.147403645151405271e+02
1.400954489229098385e+02
9.323322431523220644e+01
1.145650291134490999e+02
1.393509638622250577e+02
1.693095609751186430e+02
6.168283263378202719e+01
1.099226414059039030e+02
1.023978362155646664e+02
5.853157883568343323e+01
1.015025829963149135e+02
1.114283591231748005e+02
5.301305599944350888e+01
7.288236570950942905e+01
1.389241427635256514e+02
4.980480570818150454e+01
3.687614763904761617e+01
3.687614763904761617e+01
1.146178546371710922e+02
1.254375031822150390e+02
1.445808305063072794e+02
5.315715586641121604e+01
5.045308015055184114e+01
1.113378112813321081e+02
1.338183354172225563e+02
2.279081030884778443e+02
1.148657404578177648e+02
2.667711604906550065e+02
1.261922068805538970e+02
1.307365397166120147e+02
1.473549673093129400e+02
5.921167346465188075e+01
7.819114482157715429e+01
4.726639867494350256e+01
5.854318134798450046e+01
1.335548977436146174e+02
6.493836032836742334e+01
7.385254066813087093e+01
3.273613276892025397e+02
7.556690736416820187e+01
7.289740076464750018e+01
1.637835562868018542e+02
1.696540552799469310e+02
1.252759403912605194e+02
8.791790071999884049e+01
1.593919537399384581e+02
1.599765995106589003e+02
2.554575616323658664e+02
1.772007655634160983e+02
1.337461438084384326e+02
4.269600084449451742e+02
1.459785683930184064e+02
8.300090844128851586e+01
1.208758302707887538e+02
6.594035901539987776e+01
5.409606989536035826e+01
7.090509229536786506e+01
3.687614763904761617e+01
5.413024885482820991e+01
1.575992249143839672e+02
1.202943047760938953e+02
7.294399837637897122e+01
7.597368253196543719e+01
6.142220869786970638e+01
8.785229195135570990e+01
2.128305631680397028e+02
9.452759672899102839e+01
2.995938403128861296e+02
1.255802938973048413e+02
1.146534200015215674e+02
1.449292445588448572e+02
1.993292912766825111e+02
7.557167344636940243e+01
8.181921743590010010e+01
6.416144608957154105e+01
1.341558299000857346e+02
9.304314652982847633e+01
5.690681655652764448e+01
3.896785368090936572e+02
1.599685944463231522e+02
8.791630467093838774e+01
3.396268285631616095e+02
3.163420099545028847e+02
1.618809074059485056e+02
4.561512397805131513e+01
1.142367231002474455e+02
7.258275990447955905e+01
2.118078328571889983e+02
2.148963274606724667e+02
1.373940434478636234e+02
9.860550465914789697e+01
9.590224550479899790e+01
1.670938828240547309e+02
1.098986315631093476e+02
7.949484085046867676e+01
6.910256879235680572e+01
2.126847773336168075e+02
1.128063931079365716e+02
8.072839460476947693e+01
6.626317477207851425e+01
9.963787203547826721e+01
8.375295591420808705e+01
1.265738343140254756e+02
4.843551498243255082e+01
5.979716909164898198e+01
5.502301032010041126e+01
8.936864580495733890e+01
7.771598016437778256e+01
6.092475042031105659e+01
8.061319584506222213e+01
2.243529342047042974e+02
2.952206267811208704e+02
1.116005940572574673e+02
7.561098012059841267e+01
9.999553384037304227e+01
7.406224513139048327e+01
6.560931058273399685e+01
9.074813172295176855e+01
1.697719027488552683e+02
5.727581620593679190e+01
4.760328934785138699e+01
2.377776552670002275e+02
1.993267767754317674e+02
1.291597379946296087e+02
1.147562308796602792e+02
5.413615093378103893e+01
9.947313663680722584e+01
3.128189612886382065e+02
1.112896684671438265e+02
7.246661414393227574e+01
1.596772630503597838e+02
1.457571152543447397e+02
4.269671516738609398e+02
3.010365976003892001e+02
1.582163959375115496e+02
4.905999465539926518e+01
5.136445212115057757e+01
1.576419710947194517e+02
1.705179868391629157e+02
3.744229101090138556e+01
5.679915511451565635e+01
7.385897294646940736e+01
1.501049209850237389e+02
7.565609695200930673e+01
4.864089544244970398e+01
1.567591855101011902e+02
1.351934013445688834e+02
6.152122649077449523e+01
4.621467069407970030e+01
9.273610321738033235e+01
1.007415381072812011e+02
1.009297688244189430e+02
4.575720718565699485e+01
5.635130515565469977e+01
9.364155302088104804e+01
6.061224722369686901e+01
8.638224122758094836e+01
9.456129068231331303e+01
4.072873384885385803e+02
1.376570996743270143e+02
1.649664209121062299e+02
5.397293290996410065e+01
1.339230820108576836e+02
7.255966917122992754e+01
5.884939850997449184e+01
4.995335600726923531e+01
6.145126962096168199e+01
1.650149936697104067e+02
8.489279637419406299e+01
1.098225710743327568e+02
1.840957455532703761e+02
3.207427300225809290e+02
8.790963079382521528e+01
3.001362895390237213e+02
4.373491751141892792e+01
5.266419628726930569e+01
6.935907403146890715e+01
8.097432708373770538e+01
1.693744000211780758e+02
2.344138327618047697e+02
1.288462624644263315e+02
8.790157165277804552e+01
1.076475950994209825e+02
2.165098824161676703e+02
8.565394689907242309e+01
1.230712040411152657e+02
6.293747275799603358e+01
9.642798877541491720e+01
4.731761971669408240e+01
5.640172304415085591e+01
8.025816389996708722e+01
5.289204703016577014e+01
1.423282232378076628e+02
2.450252106382178567e+02
1.451552296551673180e+02
3.097513149904431202e+02
6.474132259864660455e+01
4.616296173857378449e+01
1.203968837625404831e+02
2.033751405191488857e+02
1.993517755736534127e+02
6.726991177157088941e+01
6.036028029737849465e+01
4.313705903473467629e+01
9.923744841670196593e+01
9.266458437969004081e+01
1.181723888239474718e+02
1.200088131803528881e+02
1.640027658258264864e+02
7.776531934244499666e+01
9.888262166218271432e+01
2.081059237371274548e+02
6.380988154522611921e+01
9.976488777009845421e+01
4.554920609494729433e+01
4.287311103896720965e+01
8.806434061378411116e+01
8.211170843516109130e+01
9.311160901441201077e+01
7.566673515616267309e+01
8.027825094543771911e+01
4.399671073686755562e+01
7.255570851109999353e+01
1.339318804673816885e+02
4.838706080915022767e+01
4.718525902943167694e+01
5.142639678374311529e+01
6.110245555100181036e+01
4.496115668838925217e+01
5.633050210009020020e+01
9.144917577513228935e+01
5.680208180833076881e+01
2.137137782459376467e+02
1.223767594657537074e+02
1.856605248863013458e+02
2.301056674641553172e+02
7.864405318802334932e+01
4.586943429125778948e+01
7.769524780376880813e+01
7.639399783979845893e+01
1.014848778432200334e+02
4.993078112108204891e+01
7.268897609834459672e+01
1.473656901729380024e+02
7.192589099495728533e+01
6.386374093793887141e+01
7.535278494128533566e+01
1.145648847629861393e+02
8.801677006236565148e+01
8.193031375588532228e+01
1.340089521829088426e+02
9.471735489672562380e+01
8.980747828039841352e+01
6.493749750489939743e+01
6.555229688641088615e+01
3.687614763904761617e+01
6.686971420369255270e+01
7.776319749554204463e+01
1.067603693052607241e+02
7.537715512701339549e+01
4.334883611361740918e+01
5.524229720687227996e+01
6.740914341894449535e+01
7.779241463195103279e+01
4.788417125500529892e+01
1.048724826783134176e+02
5.681925192750964015e+01
6.365138062398560237e+01
4.718521114616703471e+01
8.104238291633171798e+01
4.938422239778327594e+01
6.332969536527889431e+01
6.222322186531283705e+01
4.212965486740472443e+01
1.111058467670413279e+02
6.415468917537481275e+01
7.563269742895789705e+01
7.771573157969521617e+01
1.829311401594580389e+02
8.457925149684109556e+01
4.298968955279542570e+01
6.115221580957901892e+01
8.027706015489002311e+01
1.120524328690734137e+02
6.683635882532084338e+01
9.777785750676730459e+01
6.804759428252413045e+01
4.758197887569838258e+01
7.161989982344852024e+01
5.683849437404208516e+01
6.378023657867419161e+01
6.682636959552803546e+01
9.376854204046728114e+01
4.366222934230563624e+01
5.324247529416737734e+01
5.911721977158634900e+01
1.145317150566888813e+02
5.299967324889445308e+01
6.445656216406791827e+01
