1.521174606733964936e+02
1.521566767364673183e+02
1.564175238762025515e+02
1.654365242528050715e+02
1.796280937131214444e+02
1.992703141789491497e+02
2.244950592258977906e+02
2.552830573662370739e+02
2.914642039749747937e+02
3.327231266466824309e+02
3.786097002048546187e+02
4.285539273123163184e+02
4.818843754695729444e+02
5.378492103730511644e+02
5.956387985000425260e+02
6.544088673479210456e+02
7.133032996867520978e+02
7.714757813802394821e+02
8.281096999874807807e+02
8.824358821216031856e+02
9.337479421433067728e+02
9.814151778448016330e+02
1.024893079769303768e+03
1.063731614020141933e+03
1.097581492481302575e+03
1.126198661388720666e+03
1.149447223718756504e+03
1.167300969033434512e+03
1.179843623259408332e+03
1.187267857826429690e+03
1.189873020288511498e+03
1.188061474736528226e+03
1.182333377791886505e+03
1.173279672534634074e+03
1.161573065892134537e+03
1.147956771582864576e+03
1.133230855972479731e+03
1.118236120967168517e+03
1.103835595532269963e+03
1.090893880072255797e+03
1.290885044715953427e+02
1.289297486479890722e+02
1.330167630798365224e+02
1.418893872680085906e+02
1.559646676439712110e+02
1.755225234547026218e+02
2.006957946513460058e+02
2.314652617778482124e+02
2.676599519503405986e+02
3.089627361672309007e+02
3.549209118698435077e+02
4.049611819112088824e+02
4.584082139854951379e+02
5.145058125493295620e+02
5.724396677735377352e+02
6.313606620215928160e+02
6.904078033331132929e+02
7.487300000944562726e+02
8.055060704782207495e+02
8.599625727595710032e+02
9.113892288236758077e+02
9.591518775758673883e+02
1.002703026919245644e+03
1.041590166758895521e+03
1.075462059784128542e+03
1.104073243703883918e+03
1.127286962781420925e+03
1.145076704129207656e+03
1.157526452359727045e+03
1.164829702344230100e+03
1.167287191697340404e+03
1.165303239971606217e+03
1.159380518273794905e+03
1.150113028952894183e+03
1.138177057753016697e+03
1.124319877234026535e+03
1.109346035710554816e+03
1.094101163319878879e+03
1.079453365325891582e+03
1.066272446882842132e+03
1.063816015631759200e+02
1.060259719297008019e+02
1.099400922638730975e+02
1.186671001526289189e+02
1.326266574514877163e+02
1.521005101266746919e+02
1.772224587893043690e+02
2.079733353881013329e+02
2.441813032949128797e+02
2.855274864725844282e+02
3.315566193450670198e+02
3.816921237441897574e+02
4.352547902638961546e+02
4.914840881305729567e+02
5.495610598220119982e+02
6.086317730256871528e+02
6.678303925611658087e+02
7.263010811031454068e+02
7.832181186817549587e+02
8.378038252218897242e+02
8.893440581898242954e+02
9.372012231273034786e+02
9.808248677650165064e+02
1.019760024782775986e+03
1.053653522797156711e+03
1.082258501984856593e+03
1.105437354564188354e+03
1.123163267413572157e+03
1.135520481539477714e+03
1.142703308471796163e+03
1.145013864701131752e+03
1.142858409821049918e+03
1.136742110014268064e+03
1.127262003834530333e+03
1.115097929548702041e+03
1.101001189552041978e+03
1.085780782999077928e+03
1.070287135739283485e+03
1.055393396171765289e+03
1.041974541212239046e+03
8.458130991596016202e+01
8.403301567235993730e+01
8.777785551224700100e+01
9.636218365311935941e+01
1.102082123582976010e+02
1.295994681804299091e+02
1.546706869571458185e+02
1.854027483822194995e+02
2.216229704609235114e+02
2.630107699710748648e+02
3.091083782853912680e+02
3.593360142315736994e+02
4.130106847254111813e+02
4.693676295171073320e+02
5.275833581453558736e+02
5.867992439507667086e+02
6.461447310722513748e+02
7.047593580447406794e+02
7.618129844660068102e+02
8.165238032108102288e+02
8.681739100443065809e+02
9.161223694844878764e+02
9.598158496107420206e+02
9.987969934560961747e+02
1.032710749346603279e+03
1.061308899280971445e+03
1.084453007904939113e+03
1.102115971142452736e+03
1.114382280290929884e+03
1.121447041978166681e+03
1.123613714602068285e+03
1.121290445621681783e+03
1.114984829306637721e+03
1.105296859251186106e+03
1.092909831847778833e+03
1.078578973003135843e+03
1.063117616183632435e+03
1.047380858395213636e+03
1.032246761232101562e+03
1.018595341138122080e+03
6.426341385250023563e+01
6.352978527014053611e+01
6.711164432064944663e+01
7.555841811707512079e+01
8.929475436572961655e+01
1.086058784513098630e+02
1.336274162007850350e+02
1.643402882909689424e+02
2.005709995518117239e+02
2.419973296862422387e+02
2.881591125673618308e+02
3.384735012552807802e+02
3.922538831138735986e+02
4.487314538913946080e+02
5.070783910362882239e+02
5.664315836696173392e+02
6.259159687144074269e+02
6.846666718102886762e+02
7.418493361394932890e+02
7.966782199614164028e+02
8.484318345326626059e+02
8.964660623203662908e+02
9.402248301585284480e+02
9.792485074753220715e+02
1.013180254643760350e+03
1.041770563138775969e+03
1.064880212302044811e+03
1.082481823492926196e+03
1.094660128485803170e+03
1.101610992818147679e+03
1.103639154235835122e+03
1.101154559358832103e+03
1.094667116220381786e+03
1.084779634440386189e+03
1.072178706273714624e+03
1.057623297704876904e+03
1.041930874728868957e+03
1.025960989021957175e+03
1.010596388696558051e+03
9.967218982156546190e+02
4.598262719819597066e+01
4.507405278725438080e+01
4.850186483432572260e+01
5.681835866241678445e+01
7.045045354824074479e+01
8.968495705184155042e+01
1.146583203224474801e+02
1.453514951707938678e+02
1.815902189108351195e+02
2.230507338435467375e+02
2.692706264515891803e+02
3.196641791546024933e+02
3.735413930040257355e+02
4.301296831334258286e+02
4.885971798723745110e+02
5.480765859642026498e+02
6.076886333662234847e+02
6.665643335976835715e+02
7.238654016560842592e+02
7.788024327593465159e+02
8.306506034675219325e+02
8.787628381252120562e+02
9.225805171438390744e+02
9.616418996202841072e+02
9.955884878926007104e+02
1.024169578164697668e+03
1.047245224122024183e+03
1.064787795934510086e+03
1.076882252498151729e+03
1.083725167907497735e+03
1.085622471857434448e+03
1.082985785924366155e+03
1.076327171539357323e+03
1.066252059016545218e+03
1.053450108093720246e+03
1.038683766222218765e+03
1.022774346963334210e+03
1.006585550421568200e+03
9.910044900360594511e+02
9.769204697194963956e+02
3.026011651034126970e+01
2.918990226357527362e+01
3.247511534039536940e+01
4.067065645955152320e+01
5.420550593382917981e+01
7.336790352701167706e+01
9.829504248131810584e+01
1.289678929174359610e+02
1.652114831092625309e+02
2.067006457960811758e+02
2.529709126440079103e+02
3.034339457302826872e+02
3.573966588906791344e+02
4.140830242573098303e+02
4.726574901309610368e+02
5.322489542310054276e+02
5.919743302998786021e+02
6.509608977855200465e+02
7.083668118191278609e+02
7.633993513837446017e+02
8.153306771652129328e+02
8.635110410222271184e+02
9.073795253505585379e+02
9.464724870438878952e+02
9.804299360142365458e+02
1.009000094666929954e+03
1.032042367207437337e+03
1.049528902665017995e+03
1.061544870394767486e+03
1.068287489313174319e+03
1.070063770152059760e+03
1.067286851601779745e+03
1.060470744464197878e+03
1.050223250974955590e+03
1.037236807191963862e+03
1.022277011987198534e+03
1.006168662434706221e+03
9.897792154244548328e+02
9.739997385449090643e+02
9.597235941220160385e+02
1.757121948854064186e+01
1.635536793199007732e+01
1.951175452776169905e+01
2.759756879683031272e+01
4.104359837325697669e+01
6.013933441750432252e+01
8.502261185131673926e+01
1.156744035237216934e+02
1.519190990025229837e+02
1.934302753689565009e+02
2.397416413354864346e+02
2.902625399706686267e+02
3.442971578972090470e+02
4.010664304835523808e+02
4.597315631386976520e+02
5.194181070652085737e+02
5.792396225761565347e+02
6.383201159663657336e+02
6.958146247147922168e+02
7.509275277626518346e+02
8.029283523659322555e+02
8.511650204034185663e+02
8.950746140293935014e+02
9.341918373780299589e+02
9.681554064161251745e+02
9.967126153745008423e+02
1.019722310388354572e+03
1.037156455562480232e+03
1.049100411034317176e+03
1.055751964521915852e+03
1.057419075270137455e+03
1.054516210300829698e+03
1.047559085576386906e+03
1.037157577268621708e+03
1.024006548744172960e+03
1.008874354390579697e+03
9.925888377811422743e+02
9.760207421223558413e+02
9.600645948688963927e+02
9.456173102794735996e+02
8.333772076764867975e+00
6.990682285483156733e+00
1.003408049499284083e+01
1.802308050616181490e+01
3.138998507580169317e+01
5.042532847741941282e+01
7.526747159744134308e+01
1.058973719980084525e+02
1.421388614763621376e+02
1.836644386264096909e+02
2.300062561231202949e+02
2.805716848736818179e+02
3.346625985837779353e+02
3.914973632441852942e+02
4.502344464594896181e+02
5.099965801074702085e+02
5.698945052928340829e+02
6.290494824394144189e+02
6.866139392740417406e+02
7.417898325360273475e+02
7.938444949936683770e+02
8.421239115300871845e+02
8.860635056331748274e+02
9.251966147652015025e+02
9.591608885750387117e+02
9.877028601531677623e+02
1.010680922477282820e+03
1.028066896411875632e+03
1.039946310531017161e+03
1.046517434447626783e+03
1.048089024239239052e+03
1.045076659043305654e+03
1.037997480130359236e+03
1.027463095954185064e+03
1.014170396823537089e+03
9.988900382421637687e+02
9.824524084358906748e+02
9.657309963779969166e+02
9.496232211845302800e+02
9.350289665289737968e+02
2.897474610826179298e+00
1.447568121140288655e+00
4.395557989726066594e+00
1.230207710464053683e+01
2.560061850119554450e+01
4.458252799093716590e+01
6.938656376681905158e+01
9.999364808121353576e+01
1.362271449634740748e+02
1.777586715137769886e+02
2.241191211105613945e+02
2.747142780398190212e+02
3.288441635120352089e+02
3.857250934432049689e+02
4.445133586804753918e+02
5.043294572125975606e+02
5.642819039999625375e+02
6.234897987754624182e+02
6.811035230080369729e+02
7.363231412169249097e+02
7.884142783813081223e+02
8.367214180145031150e+02
8.806787034917065284e+02
9.198184226089160802e+02
9.537774109016007742e+02
9.823016253952383749e+02
1.005249122188906540e+03
1.022591625177235073e+03
1.034414806747408647e+03
1.040917322290210222e+03
1.042408556845920202e+03
1.039304962273281035e+03
1.032124795183684682e+03
1.021481017754656250e+03
1.008072103458456013e+03
9.926705050516587789e+02
9.761085987205540278e+02
9.592620193473410382e+02
9.430304469211442893e+02
9.283160876130058341e+02
1.534718600999391169e+00
0.000000000000000000e+00
2.871522745635969542e+00
1.071100145553288385e+01
2.395276880216075099e+01
4.288873218589580461e+01
6.765790828353280517e+01
9.824116252278099637e+01
1.344614884536447335e+02
1.759898344799784127e+02
2.223561551409284789e+02
2.729650643628725675e+02
3.271152278638946882e+02
3.840214719206506970e+02
4.428385159637685433e+02
5.026852555883207287e+02
5.626686191654935101e+02
6.219061766196349481e+02
6.795468704993703568e+02
7.347894441682935849e+02
7.868983391071890310e+02
8.352170066197729739e+02
8.791787175750183678e+02
9.183150513747175410e+02
9.522623009128465128e+02
9.807660463467785803e+02
1.003684132047893286e+03
1.020988234755689064e+03
1.032764144199491739e+03
1.039210798138732571e+03
1.040638029931672691e+03
1.037462906496436290e+03
1.030204466095098951e+03
1.019476617003940419e+03
1.005978937885552455e+03
9.904851359176690266e+02
9.738289753367101866e+02
9.568875903279348449e+02
9.405622416212580674e+02
9.257567601784136286e+02
4.433259381582051795e+00
2.836823973320251824e+00
5.651754990372230836e+00
1.344038878396492542e+01
2.663752890124594330e+01
4.553538152340374978e+01
7.027307594521005285e+01
1.008313983492231785e+02
1.370330743934499367e+02
1.785486078930722158e+02
2.249073518882450458e+02
2.755131880113152079e+02
3.296639493963047016e+02
3.865735621907946893e+02
4.453958110061499269e+02
5.052486529886285780e+02
5.652381021764936122e+02
6.244808616630573397e+02
6.821250731543570964e+02
7.373687586804437615e+02
7.894757267851232427e+02
8.377888891175440449e+02
8.817410718785553172e+02
9.208635042124026313e+02
9.547922212013595527e+02
9.832726350882595625e+02
1.006162509757521889e+03
1.023433526981714408e+03
1.035171565977337650e+03
1.041575738286406931e+03
1.042956135944352809e+03
1.039730170442986037e+03
1.032417311376957741e+03
1.021631985138409618e+03
1.008074373666439328e+03
9.925188684484395480e+02
9.757999916044544761e+02
9.587956972857459732e+02
9.424081122767867100e+02
9.275419590518680479e+02
1.169105644667593502e+01
1.005656047268397479e+01
1.283524976034639131e+01
2.058961002675776442e+01
3.375453708429715505e+01
5.262226617438130916e+01
7.733188966627105287e+01
1.078640918035675611e+02
1.440414360960961346e+02
1.855342123437206112e+02
2.318715189455512018e+02
2.824569554998835770e+02
3.365880598700143196e+02
3.934784636744503246e+02
4.522816705244251239e+02
5.121153808675658183e+02
5.720853845360264813e+02
6.313081982378071189e+02
6.889318175761528664e+02
7.441541585918695318e+02
7.962389615716988374e+02
8.445291035810753328e+02
8.884574047612164804e+02
9.275551110632255813e+02
9.614582916093979748e+02
9.899124047578876571e+02
1.012775268251617263e+03
1.030018622198378125e+03
1.041728406553261038e+03
1.048103795137679299e+03
1.049454944069765361e+03
1.046199331933784606e+03
1.038856500311812397e+03
1.028040954707179480e+03
1.014452965480432454e+03
9.988670235836673328e+02
9.821177625204923061e+02
9.650832594052402555e+02
9.486657737431361284e+02
9.337701670488407899e+02
2.331351606844858537e+01
2.166462721870174590e+01
2.442742288060534861e+01
3.216406408142067619e+01
4.530915905154149215e+01
6.415470164402947262e+01
8.883959757785721933e+01
1.193444068398790705e+02
1.554916374515797770e+02
1.969515971828685963e+02
2.432534784902330784e+02
2.938010513812774320e+02
3.478920981911360286e+02
4.047405641830470131e+02
4.635003284068204721e+02
5.232895189366498698e+02
5.832143939783599080e+02
6.423919665692715171e+02
6.999707429891260517e+02
7.551491504145058116e+02
8.071914270620046636e+02
8.554409217144482227e+02
8.993308880212913436e+02
9.383929565053208535e+02
9.722635226370254031e+02
1.000688305147869073e+03
1.023525309998875969e+03
1.040746388747029187e+03
1.052437512955010106e+03
1.058797806648303094e+03
1.060137294672462531e+03
1.056873244272307602e+03
1.049524908529542927e+03
1.038706431718251906e+03
1.025117656238600830e+03
1.009532585952541353e+03
9.927853173700552816e+02
9.757533515474787009e+02
9.593383452558938416e+02
9.444445444045884415e+02
3.921326553686305516e+01
3.757311271343253622e+01
4.033988425222747765e+01
4.807495150129115302e+01
6.121226268551167493e+01
8.004330530912660890e+01
1.047066520402859453e+02
1.351827173028442530e+02
1.712940589293522748e+02
2.127112309468044771e+02
2.589638626563664161e+02
3.094563390019072813e+02
3.634872168873941973e+02
4.202713523472227166e+02
4.789636442185015426e+02
5.386833197663295323e+02
5.985377850846198271e+02
6.576452192310406417e+02
7.151552832740683243e+02
7.702675206169132025e+02
8.222472224261626934e+02
8.704387053967474230e+02
9.142760873626082230e+02
9.532917436266103550e+02
9.871226821869460082e+02
1.015515091775960968e+03
1.038327297854273866e+03
1.055531315058241262e+03
1.067213117570434406e+03
1.073571669340103654e+03
1.074916672047035945e+03
1.071664908296841986e+03
1.064334988970706036e+03
1.053540265177354740e+03
1.039979644924737158e+03
1.024426069813521508e+03
1.007712463639580051e+03
9.907150660934509006e+02
9.743342102509044480e+02
9.594727867081028307e+02
5.921247284685638590e+01
5.760311421708213686e+01
6.039279239279931488e+01
6.814164359373101831e+01
8.128259946737746588e+01
1.001063877357212561e+02
1.247511083320740539e+02
1.551970104141695117e+02
1.912668033158289234e+02
2.326315068984764878e+02
2.788215165994243421e+02
3.292422590383300189e+02
3.831935743470886564e+02
4.398918021154046869e+02
4.984934788760920696e+02
5.581195749335274741e+02
6.178792955916852634e+02
6.768926276945077234e+02
7.343110042192274705e+02
7.893356644007789100e+02
8.412334838736124993e+02
8.893502223039464525e+02
9.331212739158304430e+02
9.720801034205585438e+02
1.005864605001298287e+03
1.034221637677719400e+03
1.057009971623567480e+03
1.074201833460847183e+03
1.085883171680784926e+03
1.092252683996485757e+03
1.093619564621791596e+03
1.090399849295415379e+03
1.083111167521808056e+03
1.072365663207989201e+03
1.058860824670415695e+03
1.043367980213855617e+03
1.026718272006703728e+03
1.009786022090633878e+03
9.934695495450514500e+02
9.786696815281297859e+02
8.304760884300023349e+01
8.148953613256539086e+01
8.431968515942462261e+01
9.209654096515640731e+01
1.052516858218741902e+02
1.240748514264073350e+02
1.487035351733753146e+02
1.791178033747233656e+02
2.151406127881539021e+02
2.564436552151362321e+02
3.025584008390428039e+02
3.528917175699976383e+02
4.067452048449096651e+02
4.633372216953870293e+02
5.218265202732918624e+02
5.813364159455213667e+02
6.409785220898404532e+02
6.998752331294751912e+02
7.571803305785647353e+02
8.120972909515216998e+02
8.638950707508709002e+02
9.119213161575379445e+02
9.556130825109185025e+02
9.945052454383115901e+02
1.028236840441343702e+03
1.056555583359174761e+03
1.079320805434796966e+03
1.096504990319188437e+03
1.108194033709966334e+03
1.114586267265823381e+03
1.115990204948809151e+03
1.112820890098627160e+03
1.105594653503190784e+03
1.094922044696002786e+03
1.081498678683421076e+03
1.066093755595848279e+03
1.049536067195417445e+03
1.032697405028168987e+03
1.016473429743001816e+03
1.001762244165442326e+03
1.103764398317354818e+02
1.088881346622359700e+02
1.117745705787409491e+02
1.195922037385486902e+02
1.327709651877311785e+02
1.515993766574508754e+02
1.762142159132930033e+02
2.065953513921212448e+02
2.425660754211490371e+02
2.837989400003896776e+02
3.298267714116549314e+02
3.800582428173407834e+02
4.337971462888897918e+02
4.902643478457445099e+02
5.486213408601536230e+02
6.079943331150752783e+02
6.674978994859449131e+02
7.262573870170062946e+02
7.834294496205291125e+02
8.382202928633075771e+02
8.899014048458216166e+02
9.378227208662681278e+02
9.814233064495834924e+02
1.020239739691366822e+03
1.053912428590597301e+03
1.082190114601296727e+03
1.104932795031824753e+03
1.122113250743385379e+03
1.133817299269516980e+03
1.140242814796898529e+03
1.141697473368409192e+03
1.138595102237568653e+03
1.131450444652796477e+03
1.120872103643023593e+03
1.107553408573366823e+03
1.092260963611358193e+03
1.075820693578802548e+03
1.059101303197146308e+03
1.042995209907280923e+03
1.028397192713282493e+03
1.407869457368687449e+02
1.393845008067707454e+02
1.423409671503048344e+02
1.502104404586120268e+02
1.634209358718575515e+02
1.822595779327476180e+02
2.068623228220081955e+02
2.372088289404388775e+02
2.731228027450142690e+02
3.142778229747232785e+02
3.602083203172514345e+02
4.103250940104757092e+02
4.639345104335249061e+02
5.202603717814288302e+02
5.784673751345757182e+02
6.376851021470158685e+02
6.970315758328783886e+02
7.556355749873416698e+02
8.126570862986096699e+02
8.673054764333116964e+02
9.188551609458160101e+02
9.666587176988044803e+02
1.010157528700055423e+03
1.048890130167746065e+03
1.082498505110564111e+03
1.110732568213507648e+03
1.133453074340818375e+03
1.150633136054183069e+03
1.162358469587254149e+03
1.168826410483307882e+03
1.170343657511288029e+03
1.167322624536815056e+03
1.160276212834701710e+03
1.149810769008660372e+03
1.136616974146547818e+03
1.121458425306810796e+03
1.105157726644561080e+03
1.088580007638696316e+03
1.072613929393671924e+03
1.058150421319884572e+03
1.738077884807140663e+02
1.725046027949263134e+02
1.755425114908654791e+02
1.834729707650000137e+02
1.967218574654917234e+02
2.155747420534960668e+02
2.401666742533182628e+02
2.704770933379669486e+02
3.063301873049881010e+02
3.474007031812113837e+02
3.932248864631141032e+02
4.432159338853437021e+02
4.966831087134884228e+02
5.528535117961632750e+02
6.108954343084060383e+02
6.699422379873726641e+02
7.291158044103074189e+02
7.875487480643708977e+02
8.444047764047685405e+02
8.988967811746334746e+02
9.503024387273593447e+02
9.979772669720858858e+02
1.041365222030641462e+03
1.080007013089148813e+03
1.113546368129612574e+03
1.141734498683729498e+03
1.164432993418692149e+03
1.181615324757249027e+03
1.193367087203705069e+03
1.199885008322268732e+03
1.201474691275653640e+03
1.198546969450972256e+03
1.191612687030017923e+03
1.181275672475662759e+03
1.168223652667703391e+03
1.153216870996380067e+03
1.137074228796694342e+03
1.120656869231402197e+03
1.104849265498030036e+03
1.090538055508615116e+03
2.089199114835374758e+02
2.077264649650764170e+02
2.108547068820072070e+02
2.188532324181217632e+02
2.321456039649468721e+02
2.510157140814338561e+02
2.755976396929571024e+02
3.058705950056987604e+02
3.416593045325096796e+02
3.826397975347881015e+02
4.283503029796322608e+02
4.782066321982894692e+02
5.315212030032012080e+02
5.875247041390045979e+02
6.453893321483398040e+02
7.042525525376423730e+02
7.632404323091759579e+02
8.214897431758028006e+02
8.781682220413695177e+02
9.324925751476947653e+02
9.837440045541312656e+02
1.031281204454375029e+03
1.074550909489959849e+03
1.113096172062565529e+03
1.146562599560718354e+03
1.174702797828751500e+03
1.197379249040433706e+03
1.214565806871285304e+03
1.226347926802126040e+03
1.232921672219006950e+03
1.234591455540721199e+03
1.231766395832966737e+03
1.224955108265055060e+03
1.214758694353716010e+03
1.201861683025089860e+03
1.187020688216901135e+03
1.171050604666770141e+03
1.154808262789923447e+03
1.139173605505677415e+03
1.125028628994263727e+03
2.455688353427289030e+02
2.444925443224268520e+02
2.477173705301573250e+02
2.557888875623379192e+02
2.691282161036550065e+02
2.880174819116579670e+02
3.125897422298601782e+02
3.428239833839563175e+02
3.785455079536382073e+02
4.194317118684983257e+02
4.650229317235034046e+02
5.147377527106812067e+02
5.678919357922500240e+02
6.237199689939554901e+02
6.813981814311224525e+02
7.400683784039509874e+02
7.988610504662567564e+02
8.569173606062121280e+02
9.134092996857007165e+02
9.675575987645117948e+02
1.018647177925377264e+03
1.066040078952127260e+03
1.109185963010077330e+03
1.147630348739830879e+03
1.181020819788279141e+03
1.209111446170888712e+03
1.231765645875500468e+03
1.248957668212505041e+03
1.260772815855200179e+03
1.267406445939450123e+03
1.269161709799692517e+03
1.266445913791193107e+03
1.259765318145506171e+03
1.249718144895763544e+03
1.236985547337905700e+03
1.222320309306308445e+03
1.206533098304628538e+03
1.190476195293993896e+03
1.175024765036354893e+03
1.161055908794514835e+03
2.831772255978689827e+02
2.822223771554492942e+02
2.855473488030465319e+02
2.936945948374503814e+02
3.070827173717019036e+02
3.259920223527472558e+02
3.505545203486250898e+02
3.807489699905944462e+02
4.164012793769552445e+02
4.571902648238445295e+02
5.026584485232530142e+02
5.522272888523660868e+02
6.052160070171378266e+02
6.608630211350235868e+02
7.183489331343317872e+02
7.768200334809132528e+02
8.354113826686906350e+02
8.932686785881822971e+02
9.495683035895327748e+02
1.003535142149510648e+03
1.054457949722210515e+03
1.101702219950665267e+03
1.144720630328087736e+03
1.183061240062249226e+03
1.216373667201122998e+03
1.244413487408068477e+03
1.267045078981538154e+03
1.284243094186906774e+03
1.296092672925890156e+03
1.302788438808452383e+03
1.304632237564022716e+03
1.302029501268430295e+03
1.295484056979549678e+03
1.285591152981158757e+03
1.273028457616700734e+03
1.258544801630620213e+03
1.242946490528365530e+03
1.227081111713129758e+03
1.211818901362875749e+03
1.198031912655337010e+03
3.211573424766002063e+02
3.203251026222533824e+02
3.237511047278175624e+02
3.319746494122771310e+02
3.454117940437578227e+02
3.643410077734951074e+02
3.888932473508839962e+02
4.190470466913922678e+02
4.546289323985303668e+02
4.953191636687728305e+02
5.406624794372442011e+02
5.900832499111536436e+02
6.429042013035501668e+02
6.983677311799459630e+02
7.556587666433183585e+02
8.139281371201027468e+02
8.723155267824448629e+02
9.299712207480623647e+02
9.860760425786777432e+02
1.039859076287643802e+03
1.090612954403122330e+03
1.137706659079421343e+03
1.180595915266485463e+03
1.218831348009695148e+03
1.252064628946872745e+03
1.280052852360305906e+03
1.302661363542537856e+03
1.319865218090523967e+03
1.331749387226019735e+03
1.338507748901106652e+03
1.340440824990656893e+03
1.337952149086938562e+03
1.331543085153321044e+03
1.321805872421667573e+03
1.309414654054597122e+03
1.295114263152880994e+03
1.279706595108340252e+03
1.264034493027902045e+03
1.248963212258780004e+03
1.235359705415469080e+03
3.589230344830817785e+02
3.582115228731015577e+02
3.617368353180048643e+02
3.700351468487417037e+02
3.835199938410003710e+02
4.024680270603402050e+02
4.270091616838871573e+02
4.571217124134564074e+02
4.926328228161766560e+02
5.332241863850520076e+02
5.784427434718550103e+02
6.277157546170350315e+02
6.803694241747840579e+02
7.356500978956538574e+02
7.927469934756895782e+02
8.508154425214728462e+02
9.089997150060315789e+02
9.664546453351882747e+02
1.022365461214089578e+03
1.075965410804142039e+03
1.126550970675192502e+03
1.173494581364496753e+03
1.216254988486325374e+03
1.254385359801509821e+03
1.287539401344186217e+03
1.315475710955160594e+03
1.338060590164356654e+03
1.355269491599978210e+03
1.367187216105447988e+03
1.374006899021057734e+03
1.376027746294125336e+03
1.373651405960659758e+03
1.367376796901321768e+03
1.357793172415674917e+03
1.345571178644606334e+03
1.331451684048704465e+03
1.316232211397157698e+03
1.300750900928012015e+03
1.285868071751875505e+03
1.272445622681034820e+03
3.959010015621873890e+02
3.953054239074288603e+02
3.989258416160956244e+02
4.072953926263311928e+02
4.208251642796296323e+02
4.397900414579678454e+02
4.643189285753230138e+02
4.943899288347432162e+02
5.298307869200218647e+02
5.703245917096214725e+02
6.154204244217626183e+02
6.645483559896670158e+02
7.170379724943005613e+02
7.721394583749031426e+02
8.290462030023339821e+02
8.869179155490543280e+02
9.449033250898678489e+02
1.002161689885625492e+03
1.057882520604858428e+03
1.111303115193419444e+03
1.161723688836617612e+03
1.208520045660317464e+03
1.251153869090693661e+03
1.289180799678229505e+03
1.322256521580597337e+03
1.350141094112027304e+03
1.372701747544825594e+03
1.389914318950302686e+03
1.401863441373087426e+03
1.408741525503684443e+03
1.410846494863599219e+03
1.408578161041179783e+03
1.402433062473058726e+03
1.392997546404053310e+03
1.380938856479957394e+03
1.366994004718813130e+03
1.351956261682034437e+03
1.336659195368107703e+03
1.321958326895467962e+03
1.308710643928601485e+03
4.315411230891894547e+02
4.310539516395654687e+02
4.347629452968648707e+02
4.431983507081456537e+02
4.567689238026879366e+02
4.757478682945809396e+02
5.002631260743759753e+02
5.302925984412853495e+02
5.656646015297086478e+02
6.060635516552052877e+02
6.510405671732471546e+02
7.000283937465150075e+02
7.523598365142150897e+02
8.072887346225012379e+02
8.640124499349598182e+02
9.216948610087348470e+02
9.794889448346636982e+02
1.036558174889055636e+03
1.092096143649549276e+03
1.145344009408963984e+03
1.195605551742432453e+03
1.242259782136406557e+03
1.284771185745180674e+03
1.322697761573896969e+03
1.355697080489833979e+03
1.383530595636512771e+03
1.406066422776010313e+03
1.423280765031810233e+03
1.435258094486487153e+03
1.442190129522383359e+03
1.444373569250983792e+03
1.442206472510181811e+03
1.436183106430501766e+03
1.426887046177997718e+03
1.414982290619676178e+03
1.401202175053099836e+03
1.386335917053058211e+03
1.371212727708306147e+03
1.356683557241057770e+03
1.343600715729406602e+03
4.653257152744652103e+02
4.649369076832947485e+02
4.687258163349086999e+02
4.772199957245588280e+02
4.908260304277250725e+02
5.098155575671220845e+02
5.343156208036134558e+02
5.643039306705852596e+02
5.996093319911542494e+02
6.399174732920969291e+02
6.847813658883451353e+02
7.336362423832800914e+02
7.858179023824492333e+02
8.405835861811732457e+02
8.971343540115296946e+02
9.546379676327624111e+02
1.012251361926333857e+03
1.069141939316703883e+03
1.124507098340219727e+03
1.177591598190367449e+03
1.227702544466812014e+03
1.274221942536997176e+03
1.316616893617390133e+03
1.354447599499289936e+03
1.387373393677270087e+03
1.415157031769523428e+03
1.437667457226061288e+03
1.454881215584009396e+03
1.466882628948726051e+03
1.473862769332297376e+03
1.476117192499981456e+03
1.474042320671633206e+03
1.468130300468644691e+03
1.458962119535798138e+03
1.447198748696438315e+03
1.433570092989698423e+03
1.418861589694747408e+03
1.403898387219248889e+03
1.389527174683795465e+03
1.376595902686698082e+03
4.967776468124998814e+02
4.964748941929517514e+02
5.003331415894602969e+02
5.088774991462162802e+02
5.225125788000948432e+02
5.415085927899784792e+02
5.659917653312226093e+02
5.959396285461084517e+02
6.311815010202931262e+02
6.714041431469607915e+02
7.161622778792332156e+02
7.648933891747626603e+02
8.169359897816362945e+02
8.715504038823044084e+02
9.279410473660709613e+02
9.852792076495441052e+02
1.042725415370951396e+03
1.099450644653600648e+03
1.154655756149092895e+03
1.207588786522688906e+03
1.257559870433025480e+03
1.303953741362671963e+03
1.346239885666844657e+03
1.383980514555639957e+03
1.416836570309236549e+03
1.444571998112973915e+03
1.467056498140896565e+03
1.484266930059900687e+03
1.496287480936337488e+03
1.503308634944835603e+03
1.505624906801323732e+03
1.503631228044441286e+03
1.497817813800970953e+03
1.488763295097471655e+03
1.477125885469185278e+03
1.463632367190303967e+03
1.449064737063829625e+03
1.434244447075531298e+03
1.420014310479833284e+03
1.407218313568549547e+03
5.254672969964124150e+02
5.252362929424489266e+02
5.291516204009727744e+02
5.377362363951365296e+02
5.513930133855526492e+02
5.703909045479144879e+02
5.948554062273909722e+02
6.247638854022025043e+02
6.599460684408541056e+02
7.000896846276906444e+02
7.447509538634832325e+02
7.933693329956531670e+02
8.452857157450602017e+02
8.997631358611519090e+02
9.560089607777626952e+02
1.013197582163313200e+03
1.070492699771779371e+03
1.127068438695811665e+03
1.182128716790876297e+03
1.234924467579561906e+03
1.284768505457796437e+03
1.331047979563245462e+03
1.373234490072942663e+03
1.410892030628893281e+03
1.443682971949334615e+03
1.471372316724660323e+03
1.493830439248826451e+03
1.511034481018531551e+03
1.523068512677311674e+03
1.530122500500750220e+03
1.532490039577122388e+03
1.530564743478215178e+03
1.524835119132324280e+03
1.515877713373825600e+03
1.504348301556762408e+03
1.490970905262714268e+03
1.476524480620911390e+03
1.461827213768693582e+03
1.447718494639620758e+03
1.435038809103471067e+03
