2.434045137223342792e+01
2.425595218756989269e+01
2.727934320083831565e+01
2.328352177467671424e+01
2.719551950928682515e+01
2.533843079312352842e+01
2.042633423330881826e+01
2.445327391160404318e+01
2.485542015816679395e+01
2.502583295288586740e+01
2.719467424938736855e+01
2.772974699698859524e+01
2.042467766686738884e+01
1.683421286656954052e+01
1.704306532950696962e+01
2.316776316339318242e+01
1.713048360940467418e+01
1.388803714927503208e+01
1.377141987545092761e+01
2.014328653619469023e+01
2.529590153234722649e+01
2.122680071915157285e+01
1.997102596402098840e+01
1.801234344121062847e+01
1.864752676984253554e+01
2.187686544696473234e+01
2.074830320021192165e+01
2.132921029988764872e+01
2.498176149487229125e+01
2.373644616086544090e+01
2.005580660414787175e+01
2.508820348356423580e+01
2.292614749750299197e+01
2.171941658023850508e+01
2.341961844709286567e+01
2.107705479702705631e+01
1.791686659996703668e+01
2.160223550197829212e+01
2.354065859248389714e+01
2.144876007158703857e+01
2.132848566375820099e+01
2.126520554050303602e+01
2.627140472409266181e+01
2.286212754845845296e+01
2.059118850600408379e+01
2.092661551160235689e+01
2.614646977119450710e+01
2.083107791171905632e+01
2.324765809408006589e+01
2.259801599621663470e+01
2.486066595189799244e+01
2.018598913779604231e+01
2.097925929887110641e+01
2.005387573031834947e+01
2.122093840392922459e+01
2.820923005680467455e+01
1.739556551286299424e+01
1.374872384299202466e+01
1.374872384299202466e+01
2.037605288491339195e+01
2.482627924235188033e+01
1.607270249738265377e+01
2.126456846829551850e+01
2.393231682562187501e+01
2.028555110405054052e+01
1.802712029979120700e+01
2.133969295225597307e+01
2.375485960273438479e+01
2.737822878047136754e+01
2.015000840746701627e+01
2.012483467342122623e+01
2.415875980826398006e+01
2.576184077656501969e+01
2.302732046121914422e+01
2.453208948292672176e+01
2.354016090774394243e+01
1.822690989680876683e+01
2.432442002644476986e+01
1.867463405824607037e+01
2.049485478923873671e+01
2.215342894630892090e+01
1.863642134141721129e+01
2.484932106295147136e+01
2.260981925548918525e+01
2.057410639315225254e+01
2.433739288953168867e+01
2.455633754122638024e+01
2.420339596422306983e+01
2.508518699580465139e+01
1.773630800592625079e+01
2.231333228337744856e+01
2.134518535458363431e+01
1.821217503317033604e+01
2.032364409061879940e+01
2.508427829673726350e+01
2.510147031124621009e+01
2.244962642137264552e+01
2.253453125930716183e+01
1.974933913195480173e+01
2.046123024321718731e+01
2.199827193121283031e+01
2.065935612571805180e+01
2.032330991810040999e+01
1.836722572064694603e+01
1.915782696912192407e+01
1.963456606154769091e+01
2.077224121074719321e+01
2.255380604424490087e+01
2.157018531953268692e+01
1.810170599757896426e+01
2.423579104129995798e+01
2.322494061739538651e+01
2.454084051406339029e+01
2.562127030254571736e+01
2.705750715270108131e+01
2.237531145693534640e+01
1.666297983021441809e+01
2.427912803458060154e+01
1.848637251960356664e+01
2.610379040083775237e+01
2.123266035384569861e+01
2.531769154626696405e+01
2.797414951872065458e+01
2.298313999505785432e+01
2.084233970429068705e+01
2.307518754719561116e+01
2.033562515826343642e+01
2.187065376956407192e+01
2.344736370121332314e+01
2.520391563235858357e+01
2.448509356862252417e+01
2.136606220188894412e+01
1.777605755893594264e+01
2.233959967293796822e+01
2.670064396290842268e+01
2.135042578725839135e+01
2.504420350630325487e+01
2.135632652338525617e+01
2.390570186090185345e+01
2.557967029155317462e+01
2.121572835057432371e+01
1.708481545007996516e+01
1.442815643800959791e+01
2.089940546961696199e+01
1.691380757809552193e+01
2.288960028220963849e+01
1.947306066211159248e+01
1.925786338887178317e+01
2.152302231896929641e+01
2.270040413272693058e+01
2.322903199697214660e+01
2.342475970022339027e+01
2.014134047270524164e+01
1.818984623307790116e+01
2.170816193574213315e+01
2.121954274223477199e+01
1.939801480697899194e+01
2.447914190245943189e+01
2.259047924436470467e+01
2.506318879419297474e+01
1.934298713661113567e+01
2.392807354944584475e+01
2.446716798289005368e+01
1.979309518114754241e+01
2.143256878761444639e+01
1.879718512804511832e+01
2.547992158183251377e+01
2.627501450209879863e+01
2.432634107167081083e+01
2.076713480448355753e+01
2.070266899424469642e+01
2.292805782061614295e+01
2.425122462929502021e+01
2.368476110919089095e+01
2.261613547349052666e+01
2.615010635448287246e+01
2.577819289223095467e+01
2.330725517155767790e+01
1.768823898682369489e+01
1.712755736609524249e+01
2.033667145777957330e+01
1.409796629104845067e+01
1.821255477466850436e+01
2.048299702589232751e+01
2.108848903691432852e+01
1.724935073991676404e+01
2.402705473458549790e+01
1.897599065662846840e+01
1.394194703937415625e+01
1.478038231397753322e+01
1.374872384299202466e+01
2.203365043620122421e+01
2.136981494140027849e+01
2.419372551190612697e+01
2.721123723327346156e+01
2.186978795894824046e+01
2.870389741549113438e+01
2.319036359034548411e+01
2.611675254181178119e+01
2.643128482991659212e+01
2.223862864234790138e+01
2.201867700555100171e+01
2.443053588420299249e+01
1.967242048110416164e+01
2.110027531950813895e+01
1.982523382102449006e+01
1.977651879462033691e+01
2.654983565809844137e+01
2.123598331533204231e+01
1.926534206261223048e+01
1.858861948162748590e+01
1.436029975956942195e+01
2.628935086054150361e+01
2.609351414914255329e+01
2.027921790937046254e+01
2.245723107993953960e+01
2.190125646676958837e+01
1.785612761746669364e+01
2.259001908701986494e+01
1.979112052535705857e+01
2.172978039585563792e+01
2.416762699562361405e+01
1.897521330344397938e+01
2.353526447619105966e+01
2.198860594644292021e+01
2.030762614747125738e+01
2.502169332380110589e+01
2.069400820755818415e+01
2.126521626261592601e+01
2.250304220076944262e+01
2.000269104391198027e+01
2.585820308563140202e+01
2.360920595369604058e+01
2.395311147006169961e+01
2.569807994524864370e+01
1.907596721124803096e+01
1.940275576789497691e+01
2.355257443394178907e+01
2.564859918128230021e+01
2.458503706339401162e+01
2.094311773684874112e+01
2.411747967363930556e+01
2.284618466010113735e+01
1.975172480207271875e+01
2.247117608126177757e+01
2.236994682645295640e+01
1.677053245109983948e+01
2.390626745235677575e+01
2.257686752205145453e+01
2.036991090124650938e+01
1.724191495462787671e+01
2.156793278231647903e+01
1.867348500514807697e+01
1.713206065350884089e+01
2.075215779979570740e+01
2.437190469039484597e+01
2.270161483797404145e+01
1.731545435289950063e+01
2.046412432018795258e+01
1.735504218070644455e+01
1.969331609210702894e+01
2.395388524920856455e+01
2.552254912864363590e+01
2.586727488664534746e+01
2.355175776634337126e+01
2.261805562520715895e+01
2.134820362936203253e+01
2.539823873882129845e+01
2.579571103767362317e+01
2.522908579236674242e+01
2.506899839236028171e+01
2.376759925986595690e+01
2.457009758610127648e+01
2.888139037875492576e+01
1.908732818336389059e+01
1.648977749912525326e+01
1.395608682574721726e+01
2.079076723480147848e+01
2.497012532185893363e+01
2.135110306738924280e+01
2.338346794997642064e+01
2.485892718259107426e+01
2.276209112870859030e+01
1.495944338625141690e+01
1.897048038411266191e+01
2.338161391795594213e+01
1.840436265214922429e+01
2.107774905383665498e+01
2.210753562261353267e+01
2.819597931229203525e+01
2.192628009123492916e+01
2.433512605616495961e+01
2.032351274473590408e+01
1.973801121968701722e+01
2.099897905149375887e+01
2.124944135402721201e+01
2.199964257464387174e+01
2.382314337867132537e+01
2.383891471322240818e+01
2.135433221038780616e+01
2.127518067952792435e+01
2.599157187382657597e+01
2.531973857631945535e+01
2.559455526477205822e+01
2.487867463400535684e+01
2.512883224983086805e+01
2.245386165596400474e+01
2.846446638010218777e+01
2.355206781410775818e+01
2.636969522646034392e+01
2.545766068845504648e+01
2.361218848809814119e+01
2.570215345463725498e+01
2.594769430735441773e+01
2.143732672520917504e+01
2.254637383299364473e+01
2.091366141221299557e+01
2.736601093283375619e+01
2.734298966295053646e+01
2.227710673147078069e+01
2.208588320914254410e+01
2.392585943313415697e+01
2.523649030482636846e+01
1.907925353884866837e+01
2.159180556666500550e+01
1.817115759031145927e+01
2.688576124194607431e+01
2.509179271085400487e+01
2.344057749726366424e+01
2.417331775703972951e+01
2.143764749508645195e+01
2.035033589714786828e+01
2.088871016200965869e+01
2.190252793065640446e+01
2.103989284726137043e+01
2.122445972450402607e+01
2.417509316023235399e+01
2.082805784992183717e+01
2.172504568950550663e+01
2.576417194260908516e+01
2.353574518425227424e+01
2.568668591328470896e+01
2.131397239045281822e+01
1.776754152077343818e+01
2.040894743374904508e+01
2.346177600795566320e+01
2.239730608450939187e+01
2.473597850110570917e+01
2.505304835592770729e+01
2.944501968701858985e+01
2.930225028634752960e+01
2.569732046225229993e+01
2.416486783857337883e+01
2.208439551597912143e+01
2.541253042179362964e+01
2.353854633624466075e+01
1.782372717933336048e+01
2.207964025891261883e+01
2.188357838314298576e+01
2.087919160629198601e+01
2.330143663829629475e+01
2.090506853224144379e+01
2.186810280020577224e+01
2.570042540744322679e+01
2.236156213417334726e+01
1.861417831822789282e+01
1.813575853460669052e+01
1.979224992124808580e+01
2.215530174202696045e+01
2.006744635119885700e+01
1.966548952863048783e+01
2.075899761430981627e+01
2.209160613689732600e+01
2.569576932992095308e+01
2.740357228130457656e+01
2.596477105914980044e+01
2.047039407570009928e+01
1.721073147630751166e+01
2.002598394065506682e+01
2.134931336804610069e+01
2.446447941308300855e+01
2.408080647351950176e+01
2.192647934383278852e+01
2.393948098405089198e+01
2.440562305490417927e+01
2.176073602927710127e+01
2.195772983535871603e+01
2.539825928953766976e+01
2.404414310200317928e+01
2.197905879842420518e+01
2.502127426788900522e+01
2.122147897712073572e+01
2.570099278591696645e+01
2.001698540741253041e+01
2.458662482961106832e+01
1.928579270593018435e+01
2.069866607209927167e+01
2.256757502421386619e+01
2.123942600707898976e+01
2.223913436867252358e+01
2.108077537019972070e+01
2.463871464104719422e+01
2.427363920629057148e+01
2.608912880497073772e+01
2.180797229761190792e+01
2.237280605655682919e+01
2.347045734535854677e+01
2.091960950433845667e+01
2.392435655031081154e+01
2.048058991154863406e+01
2.258974299261295826e+01
2.192852816090409718e+01
2.136641335108607720e+01
2.608043853247377797e+01
2.611026477000421053e+01
2.030605446442353568e+01
2.404140449566931181e+01
2.344069812103367312e+01
1.374872384299202466e+01
2.069921289985664004e+01
2.049676689937070151e+01
2.477246317074054005e+01
2.555239859741866582e+01
3.099534249884672121e+01
2.317393641988932629e+01
2.237914818633098335e+01
2.780511362199847269e+01
2.135480130282672206e+01
2.352623556362867063e+01
2.106991565686145051e+01
1.878402552149204396e+01
2.138511718351244895e+01
2.624532139747007875e+01
1.861160322411559065e+01
2.786459275623429832e+01
2.614066821461186763e+01
2.466604441329318576e+01
2.403196992983593816e+01
2.243902761278134861e+01
2.608750440486797118e+01
2.630019002316340604e+01
2.626589891912388808e+01
2.134115473364657944e+01
2.126939967366165618e+01
1.801645001044731487e+01
2.668589390961006913e+01
1.778462363362526588e+01
2.154917533932566442e+01
2.270454733584932328e+01
2.508986273053389127e+01
2.453627200046304324e+01
2.060623341740690151e+01
2.430130583158317847e+01
2.498019427937160231e+01
2.645943126976100146e+01
2.188386519966278243e+01
2.504238521465907041e+01
2.394995202079692120e+01
1.374872384299202466e+01
2.059015739614786966e+01
2.192864521063647487e+01
2.172433713654538678e+01
1.980933382111873087e+01
2.133911217114112446e+01
1.723661644384163694e+01
2.219322764233602285e+01
2.551937270270011382e+01
2.449884467840334068e+01
2.289750069239040187e+01
2.059256004294453390e+01
1.766392748935610513e+01
2.566213138125829119e+01
2.290768223208841192e+01
1.964789811541641029e+01
2.569628220432083410e+01
2.449149109597994567e+01
2.353065307413915619e+01
2.538981830616538815e+01
2.433498934922561929e+01
2.267769916517395146e+01
2.199649652802020228e+01
2.610018955792568818e+01
2.397233175092558355e+01
2.733919314147824053e+01
2.213876735044190269e+01
2.485965717977697409e+01
1.709461456775158439e+01
1.841954963154782732e+01
2.426101749240078931e+01
2.284572807679392525e+01
2.436233073709390595e+01
2.076204805542688447e+01
2.326084539942477747e+01
2.692306704672635931e+01
1.829566991325988212e+01
2.215201273389809700e+01
2.264421400661996842e+01
2.350762197565245515e+01
2.031519059811481753e+01
1.585246583108477125e+01
1.732061168919936023e+01
2.181135155019092409e+01
2.188253744468329387e+01
2.355275313582328067e+01
2.228577466623255177e+01
2.397228260790817345e+01
2.737133267486458976e+01
2.432586036360959980e+01
2.135501931912214246e+01
2.143724005479665351e+01
2.533708070040885474e+01
2.509106092664929477e+01
1.702088306495735637e+01
1.869499981817031653e+01
2.166568003096442752e+01
2.492378703047862842e+01
2.395200083786822987e+01
2.417364656850167748e+01
2.371662008062330074e+01
2.528069310872284348e+01
1.929108228162235150e+01
2.379967446057496971e+01
2.418603150239848532e+01
2.223075325043054562e+01
2.021320454083787865e+01
1.591835232128149613e+01
1.749539642544914031e+01
1.839693937599203721e+01
2.055230744413844235e+01
2.076290671796745357e+01
2.340021946434749012e+01
2.236645945923563517e+01
2.051116222943429435e+01
2.354476337470176972e+01
1.912487523568419334e+01
2.104921840494703389e+01
1.772857468200468034e+01
1.914722994754944452e+01
1.726409275163045720e+01
1.766298841096886463e+01
2.271973699577615236e+01
2.395071865186852378e+01
2.756520992013297899e+01
2.482504083831314290e+01
2.499274540601820149e+01
2.556552157008604098e+01
2.831566132338372910e+01
2.233679584041735922e+01
1.991935342147814580e+01
2.301409562847932122e+01
2.564043161178870633e+01
2.404150724925116833e+01
2.169372729126461152e+01
1.428973932166227279e+01
2.397258640110671024e+01
2.872998878369838494e+01
2.239021340683297367e+01
1.771059280517953738e+01
2.096250689099063180e+01
2.311363704401744812e+01
1.892001139874166782e+01
2.252018685927979291e+01
2.020065966875713315e+01
2.086386523942581661e+01
1.881329599617103909e+01
1.683196658391918632e+01
1.563515808862454470e+01
2.006080310875439210e+01
2.504145060381886978e+01
1.979224545370104948e+01
2.078349942928119631e+01
2.052028227995624476e+01
2.613462362347039658e+01
1.817613175718279095e+01
1.983892953322204278e+01
2.166153950837025377e+01
2.073688861753161561e+01
1.802676110900940998e+01
2.143732315117154386e+01
2.062384806186557284e+01
2.237282482025438668e+01
2.623625048996553488e+01
2.865714721627399086e+01
2.522215573340248085e+01
2.393143046428967580e+01
2.235467138962301092e+01
2.568957641621784305e+01
1.897597457345913341e+01
1.374872384299202466e+01
1.422126880225917489e+01
2.133984306183642943e+01
2.342537175416750372e+01
1.774711142817185205e+01
2.217987146371330454e+01
2.654989731024755528e+01
2.486423284145257639e+01
1.897653748438583676e+01
1.467961500353236914e+01
2.122175149749001477e+01
2.294781331361509302e+01
2.237831454205382187e+01
2.191797849533021036e+01
1.746346418624531793e+01
1.688198077300177857e+01
1.962568815207516693e+01
2.472670119292804713e+01
2.171501425938794583e+01
1.825298071429964608e+01
2.725819204614491298e+01
2.467923171863789733e+01
2.197930004596421938e+01
2.651662927447958396e+01
2.894552916455065628e+01
2.243951814944604450e+01
1.772361659830268366e+01
2.057034739907506804e+01
2.014288803099896441e+01
1.512638489692250587e+01
1.970658202627959810e+01
1.969918376838582219e+01
2.018325053146217485e+01
2.832145573189110976e+01
2.485250463697025225e+01
2.440301222041558304e+01
2.354553894086744492e+01
2.429109033852768107e+01
2.215376669286494149e+01
1.972332549906599297e+01
1.934110361878020612e+01
1.971870605542942556e+01
2.093069170151919067e+01
2.590039638687050072e+01
1.976796969660975378e+01
2.354051026992225815e+01
1.728437630868921104e+01
1.600343228705987642e+01
1.726242546307613424e+01
1.964722798336081411e+01
1.780571492318836846e+01
2.249029807609083420e+01
1.841617663353466128e+01
2.062276066091669691e+01
1.822490754222664577e+01
1.944288238187461815e+01
2.134051051336380311e+01
1.637548871081698820e+01
1.758747971796319831e+01
2.068954155403028849e+01
2.324239711068894110e+01
2.154458806202775989e+01
2.604266274174516482e+01
2.407186959242608282e+01
2.431374437604443273e+01
2.456380996040097386e+01
2.264110727441022775e+01
2.134214742259826636e+01
2.377246620560838863e+01
2.265400865674454778e+01
2.055238964700392756e+01
1.974984843231705156e+01
2.192743182486114506e+01
1.979144754980018917e+01
2.188367577566839728e+01
2.063813974483790403e+01
2.535330057668248571e+01
2.475271661283566260e+01
2.078924380126176175e+01
1.727178050657224162e+01
2.088856541348565088e+01
2.187849878216157506e+01
2.188383303332411245e+01
2.569011788291876641e+01
2.398361230719477177e+01
2.060392190856979866e+01
1.826388152907066242e+01
1.955046180804226097e+01
2.049956358381605170e+01
2.265829482137213446e+01
2.395542744644583877e+01
1.842504560791311619e+01
2.015978876144107801e+01
2.378527734349255951e+01
2.075172176720486661e+01
2.339162479735712807e+01
2.205034297895139872e+01
1.878824824695169937e+01
2.133285581827008670e+01
1.901710817254098274e+01
2.156056669076137666e+01
1.839604944062221037e+01
2.064143053998558131e+01
2.503011733049464027e+01
2.403413132909258465e+01
2.075644932547973909e+01
2.202530148429791268e+01
2.630657057384208031e+01
2.188356676752068708e+01
2.199499989976270697e+01
1.801964251956017193e+01
1.800660353677709935e+01
2.144748414015318261e+01
1.857999086127964006e+01
2.378287380318649014e+01
2.135106017893768637e+01
2.534182523536247089e+01
2.233641788593800115e+01
1.731908110758438468e+01
1.688688077859229608e+01
2.237357983570368702e+01
2.228928883873209443e+01
2.729863406894538613e+01
2.464656590821055104e+01
2.611506380903168179e+01
1.978487400108949856e+01
1.769156552234766977e+01
2.479039501103886067e+01
2.455747229817385602e+01
2.484892523828396449e+01
2.171781094383329958e+01
1.690347503530765039e+01
2.259669628282181719e+01
1.541238385560947499e+01
2.197917584815658287e+01
2.258536032896936518e+01
2.209126302928486396e+01
2.048852695561510018e+01
1.724341336990418938e+01
1.800348786947328605e+01
2.080353369721527201e+01
2.355022093016253848e+01
2.145503340113682000e+01
1.491150303250353559e+01
1.925448949734921555e+01
2.107570559782179132e+01
1.784468086844771761e+01
2.336920039175809549e+01
2.479248939708995181e+01
2.453819751323612053e+01
2.017892683943947318e+01
1.403081995258720660e+01
1.764456960804347219e+01
2.069922272846012135e+01
2.198100486191365377e+01
2.211352034862470362e+01
1.993864697011343878e+01
2.402246388324996573e+01
2.106449294826757068e+01
2.442927603593847508e+01
2.546855435515080046e+01
2.498674817087532674e+01
2.096194219304511819e+01
2.083953408475126068e+01
2.332250469661480707e+01
1.972294397054901083e+01
1.838914261290253904e+01
1.969356448772230550e+01
2.258092048072369451e+01
2.467500184510297956e+01
2.353433165236966929e+01
2.526020940555681449e+01
2.365560053616901470e+01
1.870927809850153523e+01
1.701759048279086528e+01
1.843080785008182687e+01
1.953227442405340142e+01
1.897537860268435850e+01
1.629750946429969716e+01
1.820848305229871045e+01
2.286438276620288335e+01
2.690680785603880665e+01
2.197887920303330489e+01
1.710889463510161335e+01
2.349060866302500017e+01
2.058959180469295092e+01
1.726885426326280992e+01
2.630972287503160345e+01
2.354638241374808771e+01
2.191607978783935806e+01
1.978032425118671256e+01
2.199285458367539547e+01
1.914442790204764933e+01
2.399154935126124144e+01
2.799301865038739834e+01
2.341955500792493439e+01
1.854132066763416375e+01
2.210724612556551705e+01
2.380599335910452652e+01
2.451185864292300209e+01
2.570127602839912839e+01
2.357034454903736176e+01
2.286876900388410760e+01
2.459715841201561659e+01
2.236654523613875156e+01
2.456238928044311365e+01
2.295948075945771194e+01
2.443160094741668686e+01
2.171466489720963011e+01
2.354010104261364233e+01
1.971128367278165427e+01
2.106978341746914651e+01
2.123165158172467315e+01
2.145066771417196350e+01
2.331229277759694085e+01
2.271420170499693469e+01
2.560297033637151998e+01
2.051229073181592000e+01
1.705210943172928495e+01
2.344831618224167968e+01
2.074862843763623843e+01
2.509618073555404294e+01
2.171601856396193142e+01
1.969800076193034499e+01
2.215676531043638064e+01
1.719351176300693140e+01
1.952794537097425476e+01
2.613404016182732548e+01
2.356515683341764600e+01
2.394919521832880349e+01
2.098817384222934024e+01
2.032827246934944299e+01
1.883561050011295634e+01
2.274242409314098268e+01
2.246804611780743954e+01
2.145068826488833835e+01
1.595165877795399112e+01
2.215691363299801964e+01
2.555945285419056745e+01
2.224732874344834599e+01
2.585478451863846061e+01
2.543416585858587098e+01
2.448358175070510256e+01
2.198130418756515425e+01
1.613733539388071137e+01
2.281477244337245835e+01
1.892134540828700651e+01
1.510474320556440730e+01
2.052966502224398937e+01
1.982997210141224897e+01
2.433240621352865318e+01
2.194459882110667692e+01
2.454232016564214547e+01
2.539631858710466616e+01
2.398426903660925547e+01
2.394756277664137301e+01
3.046941571354025768e+01
2.294148369297264267e+01
2.284331292086555720e+01
2.432983826749160983e+01
2.212067199792201677e+01
2.422632788316554198e+01
1.950174320760047664e+01
1.790597293327127915e+01
1.426461383712448594e+01
2.459445465254864516e+01
2.080430122179628327e+01
2.740458909501026596e+01
2.594103230121239534e+01
2.217831050277847282e+01
2.108633121169531321e+01
1.852678148255596469e+01
1.687861492306387845e+01
1.761830221848295253e+01
1.774995904265342972e+01
1.585545908759976363e+01
1.861423907686760160e+01
2.133996189858762094e+01
1.809701775371802412e+01
1.876514209367477548e+01
2.188329603417022895e+01
2.467428078301115946e+01
2.474636108042039595e+01
1.446478228213080897e+01
1.940499668948888967e+01
2.000780638526968858e+01
2.018116865454279107e+01
2.168764606623743418e+01
1.419229229217523169e+01
1.586779309146034755e+01
1.960690747783975496e+01
2.166791469799248659e+01
2.182196376142332994e+01
2.135782225813334634e+01
1.878025759232078329e+01
2.033991757745687678e+01
2.665308871171516003e+01
2.494391243637226907e+01
2.502185862304148500e+01
2.445854651061747020e+01
1.873200182975206829e+01
2.125539302019030430e+01
2.273752587456928254e+01
1.781788630833679221e+01
1.636886333856067210e+01
2.281182922338428298e+01
2.271460735826792288e+01
2.455856506017918051e+01
2.520396834941362485e+01
1.862497459239823527e+01
1.910945951787727637e+01
2.060974580288762681e+01
2.108595593774418120e+01
2.354731970511651440e+01
2.436474053196582901e+01
2.262090681372636070e+01
2.354081495663020362e+01
2.434365728398739037e+01
2.509312493338052619e+01
2.035108197750309600e+01
2.336324783208559097e+01
2.305104671002484906e+01
1.999145963066020215e+01
2.301164383866525043e+01
2.342199964966374637e+01
1.923441502149180593e+01
2.136368367984628591e+01
2.433150287551770674e+01
1.868669643524678747e+01
1.374872384299202466e+01
1.374872384299202466e+01
2.354277620977957852e+01
2.391965043626171905e+01
2.448872032330740822e+01
1.925681708935564984e+01
1.880572529096162882e+01
2.341849887980531619e+01
2.418215545858891957e+01
2.617116190366967743e+01
2.355196237999767916e+01
2.671862852026178814e+01
2.394425321779614180e+01
2.408827621216586934e+01
2.456291198344647597e+01
2.007280294009658661e+01
2.174567682172376593e+01
1.816905605618511288e+01
1.999286601446754474e+01
2.417424432629526621e+01
2.068223175356785504e+01
2.143722307811790984e+01
2.741211155071167838e+01
2.156292198155944106e+01
2.136483720049131918e+01
2.496823376244334014e+01
2.510074120756972249e+01
2.391435728653192072e+01
2.233990257262709989e+01
2.486513439244470192e+01
2.487906599112582740e+01
2.656929361246470478e+01
2.526291316502378947e+01
2.417998959178523677e+01
2.828847004509589524e+01
2.452633081479563870e+01
2.205421187468570210e+01
2.376648773416307137e+01
2.077721091007148857e+01
1.939882432650215094e+01
2.120798251752104946e+01
1.374872384299202466e+01
1.940386908061667270e+01
2.482200737387481126e+01
2.374638824004225057e+01
2.136840945110234458e+01
2.159198962960294210e+01
2.032292124150816548e+01
2.233626420231991716e+01
2.592860179833580503e+01
2.268552809460212316e+01
2.711402787728880526e+01
2.392432080993451393e+01
2.354409592317439603e+01
2.449813969948085557e+01
2.569339348840651382e+01
2.156326419566250152e+01
2.198129793299930057e+01
2.060646126230580322e+01
2.419226015647789296e+01
2.261129890706794043e+01
1.978770463889233611e+01
2.798959829637564312e+01
2.487887567362203711e+01
2.233981411519575744e+01
2.753490386805074053e+01
2.729733848030457111e+01
2.492400057922701251e+01
1.777698680871970183e+01
2.352859710899258872e+01
2.134060433185158345e+01
2.591141603839270857e+01
2.596301710018295594e+01
2.428752166195428686e+01
2.288046682904657558e+01
2.275266639147869796e+01
2.504367186820581637e+01
2.336230160562309521e+01
2.183248930224321427e+01
2.105863778112048479e+01
2.592615805010639818e+01
2.347477925036243107e+01
2.191238065889247366e+01
2.080718100261652737e+01
2.292787197065938898e+01
2.209970937371358701e+01
2.395661760097657833e+01
1.841859804402888301e+01
2.014110726674989849e+01
1.953272117875713221e+01
2.241924710151899092e+01
2.171340058139807283e+01
2.026842520923774771e+01
2.190500920628092629e+01
2.611570981633327548e+01
2.706425940329325641e+01
2.342864735965525114e+01
2.156608500486185065e+01
2.294412222625287257e+01
2.145288451101187732e+01
2.074616235167165001e+01
2.249279632839409260e+01
2.510334221345484096e+01
1.983520896004937484e+01
1.824311726395069044e+01
2.631993836808709730e+01
2.569334791942673490e+01
2.403908226471932252e+01
2.354790763430662537e+01
1.940473935877953693e+01
2.292035755654264761e+01
2.725969760949648446e+01
2.341663591269076150e+01
2.133160937264667822e+01
2.487194114711073922e+01
2.452040327338654535e+01
2.828852454916975034e+01
2.713026741076939885e+01
2.483692451343236485e+01
1.854384572521964358e+01
1.896545618071451145e+01
2.482304295127806171e+01
2.511975687477929498e+01
1.425367192092072699e+01
1.977370155945861541e+01
2.143770467968852955e+01
2.463468938116658791e+01
2.156931950891685901e+01
1.846036960882765499e+01
2.480158353583908237e+01
2.422311392982690847e+01
2.033365139598235416e+01
1.792533170809331722e+01
2.259571342247360803e+01
2.297773605016153553e+01
2.298615826983625610e+01
1.781281117490241783e+01
1.971473976716971066e+01
2.264144323394743097e+01
2.023367752189101765e+01
2.225356275858419508e+01
2.268719180911881139e+01
2.813447727275772081e+01
2.429512900104940343e+01
2.499540806405243387e+01
1.938057886440180866e+01
2.418529525064673891e+01
2.133881820654607253e+01
2.002974740227928763e+01
1.871439165284042971e+01
2.032607443620709375e+01
2.499651869624590717e+01
2.216737841517819518e+01
2.335930209454224737e+01
2.540378653873221992e+01
2.734370268345769261e+01
2.233944420230107042e+01
2.712014394918286797e+01
1.725760229929466050e+01
1.917947759557409881e+01
2.108034916621236476e+01
2.192805728144636390e+01
2.509455990948891113e+01
2.627005552488739681e+01
2.402920541172925439e+01
2.233899744759733963e+01
2.327223585735108102e+01
2.598962670384653251e+01
2.221173043514571788e+01
2.384117618553268869e+01
2.048306671962610892e+01
2.277795181420042070e+01
1.818043489848912131e+01
1.972143572666921685e+01
2.188217646688268303e+01
1.921547262205364248e+01
2.442709676649367623e+01
2.642467554082960746e+01
2.450423343363973316e+01
2.722653322081977478e+01
2.066319553564191125e+01
1.791282257638886932e+01
2.374994351397453585e+01
2.576583208308814577e+01
2.569380092869631582e+01
2.089876839740944092e+01
2.020536488929681695e+01
1.707164690843281107e+01
2.290957379150400897e+01
2.259207147812880123e+01
2.367188385161057340e+01
2.373647117912884852e+01
2.497328834516134322e+01
2.171676821835479387e+01
2.289326545779904265e+01
2.584837358863993018e+01
2.057153487307758155e+01
2.293365297652565715e+01
1.776022010468870604e+01
1.698573329837726931e+01
2.234800759646217116e+01
2.199951122876097287e+01
2.261476304304066431e+01
2.157008167244142172e+01
2.188347294903290674e+01
1.733553597683217262e+01
2.133851173281931324e+01
2.418555883592193823e+01
1.840865775187088360e+01
1.815094193996766592e+01
1.897601031383543457e+01
2.028800646790224249e+01
1.760634706261113180e+01
1.971197256853480440e+01
2.252949365326790243e+01
1.977408308797560110e+01
2.594336436076586239e+01
2.381775104939730170e+01
2.543485654135784202e+01
2.620493298523405201e+01
2.177612136776416563e+01
1.784080839867578305e+01
2.171198436898724893e+01
2.162173187724907919e+01
2.301085933740549905e+01
1.871019930670062692e+01
2.134880674821206981e+01
2.456319522592864146e+01
2.128937407646543178e+01
2.057691201269167891e+01
2.154750715726193278e+01
2.354080959557375863e+01
2.234537710476660877e+01
2.198822888547297438e+01
2.418786677072140989e+01
2.269488581862645660e+01
2.244284021742298307e+01
2.068214865719296114e+01
2.074078253152933016e+01
1.374872384299202466e+01
2.086269474210204322e+01
2.171662346983078251e+01
2.323598081963396922e+01
2.154926558377581713e+01
1.713884328342087571e+01
1.956354189225807261e+01
2.091121766398358872e+01
2.171861599580941871e+01
1.830349794917864159e+01
2.315734573721159961e+01
1.977632043553187913e+01
2.055565453037878854e+01
1.815093121785477592e+01
2.193238097346906557e+01
1.860686851776545581e+01
2.052316384779530622e+01
2.040864274704110315e+01
1.672961597480400187e+01
2.340951196218507846e+01
2.060579381077842953e+01
2.156764239175905473e+01
2.171338360471933271e+01
2.538045164704698564e+01
2.214891583029184119e+01
1.702398264909183467e+01
2.029346670389123020e+01
2.188339610722386297e+01
2.344601718253628064e+01
2.085966842573897395e+01
2.284191368513347697e+01
2.096765171815878759e+01
1.823848620469182435e+01
2.126520732752184983e+01
1.977882583591039989e+01
2.056857110237303843e+01
2.085876151369040343e+01
2.264780144689092012e+01
1.723559963013595109e+01
1.927000260768154405e+01
2.006163675303155358e+01
2.353957744610087133e+01
1.923232599649715979e+01
2.063546904521900416e+01
